Create LAMMPS data for SED method by using LT_Codes
atoms_ids unitcell_index basis_index mass_types
1 1 1  26.981539
2 1 2  26.981539
3 1 3  26.981539
4 1 4  26.981539
5 2 1  26.981539
6 2 2  26.981539
7 2 3  26.981539
8 2 4  26.981539
9 3 1  26.981539
10 3 2  26.981539
11 3 3  26.981539
12 3 4  26.981539
13 4 1  26.981539
14 4 2  26.981539
15 4 3  26.981539
16 4 4  26.981539
17 5 1  26.981539
18 5 2  26.981539
19 5 3  26.981539
20 5 4  26.981539
21 6 1  26.981539
22 6 2  26.981539
23 6 3  26.981539
24 6 4  26.981539
25 7 1  26.981539
26 7 2  26.981539
27 7 3  26.981539
28 7 4  26.981539
29 8 1  26.981539
30 8 2  26.981539
31 8 3  26.981539
32 8 4  26.981539
33 9 1  26.981539
34 9 2  26.981539
35 9 3  26.981539
36 9 4  26.981539
37 10 1  26.981539
38 10 2  26.981539
39 10 3  26.981539
40 10 4  26.981539
41 11 1  26.981539
42 11 2  26.981539
43 11 3  26.981539
44 11 4  26.981539
45 12 1  26.981539
46 12 2  26.981539
47 12 3  26.981539
48 12 4  26.981539
49 13 1  26.981539
50 13 2  26.981539
51 13 3  26.981539
52 13 4  26.981539
53 14 1  26.981539
54 14 2  26.981539
55 14 3  26.981539
56 14 4  26.981539
57 15 1  26.981539
58 15 2  26.981539
59 15 3  26.981539
60 15 4  26.981539
61 16 1  26.981539
62 16 2  26.981539
63 16 3  26.981539
64 16 4  26.981539
65 17 1  26.981539
66 17 2  26.981539
67 17 3  26.981539
68 17 4  26.981539
69 18 1  26.981539
70 18 2  26.981539
71 18 3  26.981539
72 18 4  26.981539
73 19 1  26.981539
74 19 2  26.981539
75 19 3  26.981539
76 19 4  26.981539
77 20 1  26.981539
78 20 2  26.981539
79 20 3  26.981539
80 20 4  26.981539
81 21 1  26.981539
82 21 2  26.981539
83 21 3  26.981539
84 21 4  26.981539
85 22 1  26.981539
86 22 2  26.981539
87 22 3  26.981539
88 22 4  26.981539
89 23 1  26.981539
90 23 2  26.981539
91 23 3  26.981539
92 23 4  26.981539
93 24 1  26.981539
94 24 2  26.981539
95 24 3  26.981539
96 24 4  26.981539
97 25 1  26.981539
98 25 2  26.981539
99 25 3  26.981539
100 25 4  26.981539
101 26 1  26.981539
102 26 2  26.981539
103 26 3  26.981539
104 26 4  26.981539
105 27 1  26.981539
106 27 2  26.981539
107 27 3  26.981539
108 27 4  26.981539
109 28 1  26.981539
110 28 2  26.981539
111 28 3  26.981539
112 28 4  26.981539
113 29 1  26.981539
114 29 2  26.981539
115 29 3  26.981539
116 29 4  26.981539
117 30 1  26.981539
118 30 2  26.981539
119 30 3  26.981539
120 30 4  26.981539
121 31 1  26.981539
122 31 2  26.981539
123 31 3  26.981539
124 31 4  26.981539
125 32 1  26.981539
126 32 2  26.981539
127 32 3  26.981539
128 32 4  26.981539
129 33 1  26.981539
130 33 2  26.981539
131 33 3  26.981539
132 33 4  26.981539
133 34 1  26.981539
134 34 2  26.981539
135 34 3  26.981539
136 34 4  26.981539
137 35 1  26.981539
138 35 2  26.981539
139 35 3  26.981539
140 35 4  26.981539
141 36 1  26.981539
142 36 2  26.981539
143 36 3  26.981539
144 36 4  26.981539
145 37 1  26.981539
146 37 2  26.981539
147 37 3  26.981539
148 37 4  26.981539
149 38 1  26.981539
150 38 2  26.981539
151 38 3  26.981539
152 38 4  26.981539
153 39 1  26.981539
154 39 2  26.981539
155 39 3  26.981539
156 39 4  26.981539
157 40 1  26.981539
158 40 2  26.981539
159 40 3  26.981539
160 40 4  26.981539
161 41 1  26.981539
162 41 2  26.981539
163 41 3  26.981539
164 41 4  26.981539
165 42 1  26.981539
166 42 2  26.981539
167 42 3  26.981539
168 42 4  26.981539
169 43 1  26.981539
170 43 2  26.981539
171 43 3  26.981539
172 43 4  26.981539
173 44 1  26.981539
174 44 2  26.981539
175 44 3  26.981539
176 44 4  26.981539
177 45 1  26.981539
178 45 2  26.981539
179 45 3  26.981539
180 45 4  26.981539
181 46 1  26.981539
182 46 2  26.981539
183 46 3  26.981539
184 46 4  26.981539
185 47 1  26.981539
186 47 2  26.981539
187 47 3  26.981539
188 47 4  26.981539
189 48 1  26.981539
190 48 2  26.981539
191 48 3  26.981539
192 48 4  26.981539
193 49 1  26.981539
194 49 2  26.981539
195 49 3  26.981539
196 49 4  26.981539
197 50 1  26.981539
198 50 2  26.981539
199 50 3  26.981539
200 50 4  26.981539
201 51 1  26.981539
202 51 2  26.981539
203 51 3  26.981539
204 51 4  26.981539
205 52 1  26.981539
206 52 2  26.981539
207 52 3  26.981539
208 52 4  26.981539
209 53 1  26.981539
210 53 2  26.981539
211 53 3  26.981539
212 53 4  26.981539
213 54 1  26.981539
214 54 2  26.981539
215 54 3  26.981539
216 54 4  26.981539
217 55 1  26.981539
218 55 2  26.981539
219 55 3  26.981539
220 55 4  26.981539
221 56 1  26.981539
222 56 2  26.981539
223 56 3  26.981539
224 56 4  26.981539
225 57 1  26.981539
226 57 2  26.981539
227 57 3  26.981539
228 57 4  26.981539
229 58 1  26.981539
230 58 2  26.981539
231 58 3  26.981539
232 58 4  26.981539
233 59 1  26.981539
234 59 2  26.981539
235 59 3  26.981539
236 59 4  26.981539
237 60 1  26.981539
238 60 2  26.981539
239 60 3  26.981539
240 60 4  26.981539
241 61 1  26.981539
242 61 2  26.981539
243 61 3  26.981539
244 61 4  26.981539
245 62 1  26.981539
246 62 2  26.981539
247 62 3  26.981539
248 62 4  26.981539
249 63 1  26.981539
250 63 2  26.981539
251 63 3  26.981539
252 63 4  26.981539
253 64 1  26.981539
254 64 2  26.981539
255 64 3  26.981539
256 64 4  26.981539
257 65 1  26.981539
258 65 2  26.981539
259 65 3  26.981539
260 65 4  26.981539
261 66 1  26.981539
262 66 2  26.981539
263 66 3  26.981539
264 66 4  26.981539
265 67 1  26.981539
266 67 2  26.981539
267 67 3  26.981539
268 67 4  26.981539
269 68 1  26.981539
270 68 2  26.981539
271 68 3  26.981539
272 68 4  26.981539
273 69 1  26.981539
274 69 2  26.981539
275 69 3  26.981539
276 69 4  26.981539
277 70 1  26.981539
278 70 2  26.981539
279 70 3  26.981539
280 70 4  26.981539
281 71 1  26.981539
282 71 2  26.981539
283 71 3  26.981539
284 71 4  26.981539
285 72 1  26.981539
286 72 2  26.981539
287 72 3  26.981539
288 72 4  26.981539
289 73 1  26.981539
290 73 2  26.981539
291 73 3  26.981539
292 73 4  26.981539
293 74 1  26.981539
294 74 2  26.981539
295 74 3  26.981539
296 74 4  26.981539
297 75 1  26.981539
298 75 2  26.981539
299 75 3  26.981539
300 75 4  26.981539
301 76 1  26.981539
302 76 2  26.981539
303 76 3  26.981539
304 76 4  26.981539
305 77 1  26.981539
306 77 2  26.981539
307 77 3  26.981539
308 77 4  26.981539
309 78 1  26.981539
310 78 2  26.981539
311 78 3  26.981539
312 78 4  26.981539
313 79 1  26.981539
314 79 2  26.981539
315 79 3  26.981539
316 79 4  26.981539
317 80 1  26.981539
318 80 2  26.981539
319 80 3  26.981539
320 80 4  26.981539
321 81 1  26.981539
322 81 2  26.981539
323 81 3  26.981539
324 81 4  26.981539
325 82 1  26.981539
326 82 2  26.981539
327 82 3  26.981539
328 82 4  26.981539
329 83 1  26.981539
330 83 2  26.981539
331 83 3  26.981539
332 83 4  26.981539
333 84 1  26.981539
334 84 2  26.981539
335 84 3  26.981539
336 84 4  26.981539
337 85 1  26.981539
338 85 2  26.981539
339 85 3  26.981539
340 85 4  26.981539
341 86 1  26.981539
342 86 2  26.981539
343 86 3  26.981539
344 86 4  26.981539
345 87 1  26.981539
346 87 2  26.981539
347 87 3  26.981539
348 87 4  26.981539
349 88 1  26.981539
350 88 2  26.981539
351 88 3  26.981539
352 88 4  26.981539
353 89 1  26.981539
354 89 2  26.981539
355 89 3  26.981539
356 89 4  26.981539
357 90 1  26.981539
358 90 2  26.981539
359 90 3  26.981539
360 90 4  26.981539
361 91 1  26.981539
362 91 2  26.981539
363 91 3  26.981539
364 91 4  26.981539
365 92 1  26.981539
366 92 2  26.981539
367 92 3  26.981539
368 92 4  26.981539
369 93 1  26.981539
370 93 2  26.981539
371 93 3  26.981539
372 93 4  26.981539
373 94 1  26.981539
374 94 2  26.981539
375 94 3  26.981539
376 94 4  26.981539
377 95 1  26.981539
378 95 2  26.981539
379 95 3  26.981539
380 95 4  26.981539
381 96 1  26.981539
382 96 2  26.981539
383 96 3  26.981539
384 96 4  26.981539
385 97 1  26.981539
386 97 2  26.981539
387 97 3  26.981539
388 97 4  26.981539
389 98 1  26.981539
390 98 2  26.981539
391 98 3  26.981539
392 98 4  26.981539
393 99 1  26.981539
394 99 2  26.981539
395 99 3  26.981539
396 99 4  26.981539
397 100 1  26.981539
398 100 2  26.981539
399 100 3  26.981539
400 100 4  26.981539
401 101 1  26.981539
402 101 2  26.981539
403 101 3  26.981539
404 101 4  26.981539
405 102 1  26.981539
406 102 2  26.981539
407 102 3  26.981539
408 102 4  26.981539
409 103 1  26.981539
410 103 2  26.981539
411 103 3  26.981539
412 103 4  26.981539
413 104 1  26.981539
414 104 2  26.981539
415 104 3  26.981539
416 104 4  26.981539
417 105 1  26.981539
418 105 2  26.981539
419 105 3  26.981539
420 105 4  26.981539
421 106 1  26.981539
422 106 2  26.981539
423 106 3  26.981539
424 106 4  26.981539
425 107 1  26.981539
426 107 2  26.981539
427 107 3  26.981539
428 107 4  26.981539
429 108 1  26.981539
430 108 2  26.981539
431 108 3  26.981539
432 108 4  26.981539
433 109 1  26.981539
434 109 2  26.981539
435 109 3  26.981539
436 109 4  26.981539
437 110 1  26.981539
438 110 2  26.981539
439 110 3  26.981539
440 110 4  26.981539
441 111 1  26.981539
442 111 2  26.981539
443 111 3  26.981539
444 111 4  26.981539
445 112 1  26.981539
446 112 2  26.981539
447 112 3  26.981539
448 112 4  26.981539
449 113 1  26.981539
450 113 2  26.981539
451 113 3  26.981539
452 113 4  26.981539
453 114 1  26.981539
454 114 2  26.981539
455 114 3  26.981539
456 114 4  26.981539
457 115 1  26.981539
458 115 2  26.981539
459 115 3  26.981539
460 115 4  26.981539
461 116 1  26.981539
462 116 2  26.981539
463 116 3  26.981539
464 116 4  26.981539
465 117 1  26.981539
466 117 2  26.981539
467 117 3  26.981539
468 117 4  26.981539
469 118 1  26.981539
470 118 2  26.981539
471 118 3  26.981539
472 118 4  26.981539
473 119 1  26.981539
474 119 2  26.981539
475 119 3  26.981539
476 119 4  26.981539
477 120 1  26.981539
478 120 2  26.981539
479 120 3  26.981539
480 120 4  26.981539
