Create LAMMPS data for SED method by using LT_Codes
atoms_ids unitcell_index basis_index mass_types
1 1 1  28.085500
2 1 2  28.085500
3 1 3  28.085500
4 1 4  28.085500
5 1 5  28.085500
6 1 6  28.085500
7 1 7  28.085500
8 1 8  28.085500
9 2 1  28.085500
10 2 2  28.085500
11 2 3  28.085500
12 2 4  28.085500
13 2 5  28.085500
14 2 6  28.085500
15 2 7  28.085500
16 2 8  28.085500
17 3 1  28.085500
18 3 2  28.085500
19 3 3  28.085500
20 3 4  28.085500
21 3 5  28.085500
22 3 6  28.085500
23 3 7  28.085500
24 3 8  28.085500
25 4 1  28.085500
26 4 2  28.085500
27 4 3  28.085500
28 4 4  28.085500
29 4 5  28.085500
30 4 6  28.085500
31 4 7  28.085500
32 4 8  28.085500
33 5 1  28.085500
34 5 2  28.085500
35 5 3  28.085500
36 5 4  28.085500
37 5 5  28.085500
38 5 6  28.085500
39 5 7  28.085500
40 5 8  28.085500
41 6 1  28.085500
42 6 2  28.085500
43 6 3  28.085500
44 6 4  28.085500
45 6 5  28.085500
46 6 6  28.085500
47 6 7  28.085500
48 6 8  28.085500
49 7 1  28.085500
50 7 2  28.085500
51 7 3  28.085500
52 7 4  28.085500
53 7 5  28.085500
54 7 6  28.085500
55 7 7  28.085500
56 7 8  28.085500
57 8 1  28.085500
58 8 2  28.085500
59 8 3  28.085500
60 8 4  28.085500
61 8 5  28.085500
62 8 6  28.085500
63 8 7  28.085500
64 8 8  28.085500
65 9 1  28.085500
66 9 2  28.085500
67 9 3  28.085500
68 9 4  28.085500
69 9 5  28.085500
70 9 6  28.085500
71 9 7  28.085500
72 9 8  28.085500
73 10 1  28.085500
74 10 2  28.085500
75 10 3  28.085500
76 10 4  28.085500
77 10 5  28.085500
78 10 6  28.085500
79 10 7  28.085500
80 10 8  28.085500
81 11 1  28.085500
82 11 2  28.085500
83 11 3  28.085500
84 11 4  28.085500
85 11 5  28.085500
86 11 6  28.085500
87 11 7  28.085500
88 11 8  28.085500
89 12 1  28.085500
90 12 2  28.085500
91 12 3  28.085500
92 12 4  28.085500
93 12 5  28.085500
94 12 6  28.085500
95 12 7  28.085500
96 12 8  28.085500
97 13 1  28.085500
98 13 2  28.085500
99 13 3  28.085500
100 13 4  28.085500
101 13 5  28.085500
102 13 6  28.085500
103 13 7  28.085500
104 13 8  28.085500
105 14 1  28.085500
106 14 2  28.085500
107 14 3  28.085500
108 14 4  28.085500
109 14 5  28.085500
110 14 6  28.085500
111 14 7  28.085500
112 14 8  28.085500
113 15 1  28.085500
114 15 2  28.085500
115 15 3  28.085500
116 15 4  28.085500
117 15 5  28.085500
118 15 6  28.085500
119 15 7  28.085500
120 15 8  28.085500
121 16 1  28.085500
122 16 2  28.085500
123 16 3  28.085500
124 16 4  28.085500
125 16 5  28.085500
126 16 6  28.085500
127 16 7  28.085500
128 16 8  28.085500
129 17 1  28.085500
130 17 2  28.085500
131 17 3  28.085500
132 17 4  28.085500
133 17 5  28.085500
134 17 6  28.085500
135 17 7  28.085500
136 17 8  28.085500
137 18 1  28.085500
138 18 2  28.085500
139 18 3  28.085500
140 18 4  28.085500
141 18 5  28.085500
142 18 6  28.085500
143 18 7  28.085500
144 18 8  28.085500
145 19 1  28.085500
146 19 2  28.085500
147 19 3  28.085500
148 19 4  28.085500
149 19 5  28.085500
150 19 6  28.085500
151 19 7  28.085500
152 19 8  28.085500
153 20 1  28.085500
154 20 2  28.085500
155 20 3  28.085500
156 20 4  28.085500
157 20 5  28.085500
158 20 6  28.085500
159 20 7  28.085500
160 20 8  28.085500
161 21 1  28.085500
162 21 2  28.085500
163 21 3  28.085500
164 21 4  28.085500
165 21 5  28.085500
166 21 6  28.085500
167 21 7  28.085500
168 21 8  28.085500
169 22 1  28.085500
170 22 2  28.085500
171 22 3  28.085500
172 22 4  28.085500
173 22 5  28.085500
174 22 6  28.085500
175 22 7  28.085500
176 22 8  28.085500
177 23 1  28.085500
178 23 2  28.085500
179 23 3  28.085500
180 23 4  28.085500
181 23 5  28.085500
182 23 6  28.085500
183 23 7  28.085500
184 23 8  28.085500
185 24 1  28.085500
186 24 2  28.085500
187 24 3  28.085500
188 24 4  28.085500
189 24 5  28.085500
190 24 6  28.085500
191 24 7  28.085500
192 24 8  28.085500
193 25 1  28.085500
194 25 2  28.085500
195 25 3  28.085500
196 25 4  28.085500
197 25 5  28.085500
198 25 6  28.085500
199 25 7  28.085500
200 25 8  28.085500
201 26 1  28.085500
202 26 2  28.085500
203 26 3  28.085500
204 26 4  28.085500
205 26 5  28.085500
206 26 6  28.085500
207 26 7  28.085500
208 26 8  28.085500
209 27 1  28.085500
210 27 2  28.085500
211 27 3  28.085500
212 27 4  28.085500
213 27 5  28.085500
214 27 6  28.085500
215 27 7  28.085500
216 27 8  28.085500
217 28 1  28.085500
218 28 2  28.085500
219 28 3  28.085500
220 28 4  28.085500
221 28 5  28.085500
222 28 6  28.085500
223 28 7  28.085500
224 28 8  28.085500
225 29 1  28.085500
226 29 2  28.085500
227 29 3  28.085500
228 29 4  28.085500
229 29 5  28.085500
230 29 6  28.085500
231 29 7  28.085500
232 29 8  28.085500
233 30 1  28.085500
234 30 2  28.085500
235 30 3  28.085500
236 30 4  28.085500
237 30 5  28.085500
238 30 6  28.085500
239 30 7  28.085500
240 30 8  28.085500
241 31 1  28.085500
242 31 2  28.085500
243 31 3  28.085500
244 31 4  28.085500
245 31 5  28.085500
246 31 6  28.085500
247 31 7  28.085500
248 31 8  28.085500
249 32 1  28.085500
250 32 2  28.085500
251 32 3  28.085500
252 32 4  28.085500
253 32 5  28.085500
254 32 6  28.085500
255 32 7  28.085500
256 32 8  28.085500
257 33 1  28.085500
258 33 2  28.085500
259 33 3  28.085500
260 33 4  28.085500
261 33 5  28.085500
262 33 6  28.085500
263 33 7  28.085500
264 33 8  28.085500
265 34 1  28.085500
266 34 2  28.085500
267 34 3  28.085500
268 34 4  28.085500
269 34 5  28.085500
270 34 6  28.085500
271 34 7  28.085500
272 34 8  28.085500
273 35 1  28.085500
274 35 2  28.085500
275 35 3  28.085500
276 35 4  28.085500
277 35 5  28.085500
278 35 6  28.085500
279 35 7  28.085500
280 35 8  28.085500
281 36 1  28.085500
282 36 2  28.085500
283 36 3  28.085500
284 36 4  28.085500
285 36 5  28.085500
286 36 6  28.085500
287 36 7  28.085500
288 36 8  28.085500
289 37 1  28.085500
290 37 2  28.085500
291 37 3  28.085500
292 37 4  28.085500
293 37 5  28.085500
294 37 6  28.085500
295 37 7  28.085500
296 37 8  28.085500
297 38 1  28.085500
298 38 2  28.085500
299 38 3  28.085500
300 38 4  28.085500
301 38 5  28.085500
302 38 6  28.085500
303 38 7  28.085500
304 38 8  28.085500
305 39 1  28.085500
306 39 2  28.085500
307 39 3  28.085500
308 39 4  28.085500
309 39 5  28.085500
310 39 6  28.085500
311 39 7  28.085500
312 39 8  28.085500
313 40 1  28.085500
314 40 2  28.085500
315 40 3  28.085500
316 40 4  28.085500
317 40 5  28.085500
318 40 6  28.085500
319 40 7  28.085500
320 40 8  28.085500
321 41 1  28.085500
322 41 2  28.085500
323 41 3  28.085500
324 41 4  28.085500
325 41 5  28.085500
326 41 6  28.085500
327 41 7  28.085500
328 41 8  28.085500
329 42 1  28.085500
330 42 2  28.085500
331 42 3  28.085500
332 42 4  28.085500
333 42 5  28.085500
334 42 6  28.085500
335 42 7  28.085500
336 42 8  28.085500
337 43 1  28.085500
338 43 2  28.085500
339 43 3  28.085500
340 43 4  28.085500
341 43 5  28.085500
342 43 6  28.085500
343 43 7  28.085500
344 43 8  28.085500
345 44 1  28.085500
346 44 2  28.085500
347 44 3  28.085500
348 44 4  28.085500
349 44 5  28.085500
350 44 6  28.085500
351 44 7  28.085500
352 44 8  28.085500
353 45 1  28.085500
354 45 2  28.085500
355 45 3  28.085500
356 45 4  28.085500
357 45 5  28.085500
358 45 6  28.085500
359 45 7  28.085500
360 45 8  28.085500
361 46 1  28.085500
362 46 2  28.085500
363 46 3  28.085500
364 46 4  28.085500
365 46 5  28.085500
366 46 6  28.085500
367 46 7  28.085500
368 46 8  28.085500
369 47 1  28.085500
370 47 2  28.085500
371 47 3  28.085500
372 47 4  28.085500
373 47 5  28.085500
374 47 6  28.085500
375 47 7  28.085500
376 47 8  28.085500
377 48 1  28.085500
378 48 2  28.085500
379 48 3  28.085500
380 48 4  28.085500
381 48 5  28.085500
382 48 6  28.085500
383 48 7  28.085500
384 48 8  28.085500
385 49 1  28.085500
386 49 2  28.085500
387 49 3  28.085500
388 49 4  28.085500
389 49 5  28.085500
390 49 6  28.085500
391 49 7  28.085500
392 49 8  28.085500
393 50 1  28.085500
394 50 2  28.085500
395 50 3  28.085500
396 50 4  28.085500
397 50 5  28.085500
398 50 6  28.085500
399 50 7  28.085500
400 50 8  28.085500
401 51 1  28.085500
402 51 2  28.085500
403 51 3  28.085500
404 51 4  28.085500
405 51 5  28.085500
406 51 6  28.085500
407 51 7  28.085500
408 51 8  28.085500
409 52 1  28.085500
410 52 2  28.085500
411 52 3  28.085500
412 52 4  28.085500
413 52 5  28.085500
414 52 6  28.085500
415 52 7  28.085500
416 52 8  28.085500
417 53 1  28.085500
418 53 2  28.085500
419 53 3  28.085500
420 53 4  28.085500
421 53 5  28.085500
422 53 6  28.085500
423 53 7  28.085500
424 53 8  28.085500
425 54 1  28.085500
426 54 2  28.085500
427 54 3  28.085500
428 54 4  28.085500
429 54 5  28.085500
430 54 6  28.085500
431 54 7  28.085500
432 54 8  28.085500
433 55 1  28.085500
434 55 2  28.085500
435 55 3  28.085500
436 55 4  28.085500
437 55 5  28.085500
438 55 6  28.085500
439 55 7  28.085500
440 55 8  28.085500
441 56 1  28.085500
442 56 2  28.085500
443 56 3  28.085500
444 56 4  28.085500
445 56 5  28.085500
446 56 6  28.085500
447 56 7  28.085500
448 56 8  28.085500
449 57 1  28.085500
450 57 2  28.085500
451 57 3  28.085500
452 57 4  28.085500
453 57 5  28.085500
454 57 6  28.085500
455 57 7  28.085500
456 57 8  28.085500
457 58 1  28.085500
458 58 2  28.085500
459 58 3  28.085500
460 58 4  28.085500
461 58 5  28.085500
462 58 6  28.085500
463 58 7  28.085500
464 58 8  28.085500
465 59 1  28.085500
466 59 2  28.085500
467 59 3  28.085500
468 59 4  28.085500
469 59 5  28.085500
470 59 6  28.085500
471 59 7  28.085500
472 59 8  28.085500
473 60 1  28.085500
474 60 2  28.085500
475 60 3  28.085500
476 60 4  28.085500
477 60 5  28.085500
478 60 6  28.085500
479 60 7  28.085500
480 60 8  28.085500
481 61 1  28.085500
482 61 2  28.085500
483 61 3  28.085500
484 61 4  28.085500
485 61 5  28.085500
486 61 6  28.085500
487 61 7  28.085500
488 61 8  28.085500
489 62 1  28.085500
490 62 2  28.085500
491 62 3  28.085500
492 62 4  28.085500
493 62 5  28.085500
494 62 6  28.085500
495 62 7  28.085500
496 62 8  28.085500
497 63 1  28.085500
498 63 2  28.085500
499 63 3  28.085500
500 63 4  28.085500
501 63 5  28.085500
502 63 6  28.085500
503 63 7  28.085500
504 63 8  28.085500
505 64 1  28.085500
506 64 2  28.085500
507 64 3  28.085500
508 64 4  28.085500
509 64 5  28.085500
510 64 6  28.085500
511 64 7  28.085500
512 64 8  28.085500
