Create for SED method by using LT_Codes
atoms_ids unitcell_index basis_index mass_types
1	1	1	173.054
2	1	2	92.90638
3	1	3	15.999
4	1	4	15.999
5	1	5	15.999
6	1	6	15.999
7	1	7	91.224
8	1	8	92.90638
9	1	9	15.999
10	1	10	15.999
11	1	11	15.999
12	1	12	15.999
13	1	13	91.224
14	1	14	91.224
15	1	15	15.999
16	1	16	15.999
17	1	17	15.999
18	1	18	15.999
19	1	19	92.90638
20	1	20	91.224
21	1	21	15.999
22	1	22	15.999
23	1	23	15.999
24	1	24	15.999
25	2	1	91.224
26	2	2	91.224
27	2	3	15.999
28	2	4	15.999
29	2	5	15.999
30	2	6	15.999
31	2	7	88.90585
32	2	8	88.90585
33	2	9	15.999
34	2	10	15.999
35	2	11	15.999
36	2	12	15.999
37	2	13	88.90585
38	2	14	91.224
39	2	15	15.999
40	2	16	15.999
41	2	17	15.999
42	2	18	15.999
43	2	19	91.224
44	2	20	180.94788
45	2	21	15.999
46	2	22	15.999
47	2	23	15.999
48	2	24	15.999
49	3	1	91.224
50	3	2	91.224
51	3	3	15.999
52	3	4	15.999
53	3	5	15.999
54	3	6	15.999
55	3	7	92.90638
56	3	8	91.224
57	3	9	15.999
58	3	10	15.999
59	3	11	15.999
60	3	12	15.999
61	3	13	91.224
62	3	14	91.224
63	3	15	15.999
64	3	16	15.999
65	3	17	15.999
66	3	18	15.999
67	3	19	91.224
68	3	20	88.90585
69	3	21	15.999
70	3	22	15.999
71	3	23	15.999
72	3	24	15.999
73	4	1	91.224
74	4	2	91.224
75	4	3	15.999
76	4	4	15.999
77	4	5	15.999
78	4	6	15.999
79	4	7	91.224
80	4	8	91.224
81	4	9	15.999
82	4	10	15.999
83	4	11	15.999
84	4	12	15.999
85	4	13	91.224
86	4	14	91.224
87	4	15	15.999
88	4	16	15.999
89	4	17	15.999
90	4	18	15.999
91	4	19	91.224
92	4	20	91.224
93	4	21	15.999
94	4	22	15.999
95	4	23	15.999
96	4	24	15.999
97	5	1	88.90585
98	5	2	88.90585
99	5	3	15.999
100	5	4	15.999
101	5	5	15.999
102	5	6	15.999
103	5	7	91.224
104	5	8	91.224
105	5	9	15.999
106	5	10	15.999
107	5	11	15.999
108	5	12	15.999
109	5	13	88.90585
110	5	14	91.224
111	5	15	15.999
112	5	16	15.999
113	5	17	15.999
114	5	18	15.999
115	5	19	91.224
116	5	20	91.224
117	5	21	15.999
118	5	22	15.999
119	5	23	15.999
120	5	24	15.999
121	6	1	91.224
122	6	2	91.224
123	6	3	15.999
124	6	4	15.999
125	6	5	15.999
126	6	6	15.999
127	6	7	91.224
128	6	8	91.224
129	6	9	15.999
130	6	10	15.999
131	6	11	15.999
132	6	12	15.999
133	6	13	180.94788
134	6	14	91.224
135	6	15	15.999
136	6	16	15.999
137	6	17	15.999
138	6	18	15.999
139	6	19	91.224
140	6	20	91.224
141	6	21	15.999
142	6	22	15.999
143	6	23	15.999
144	6	24	15.999
145	7	1	91.224
146	7	2	91.224
147	7	3	15.999
148	7	4	15.999
149	7	5	15.999
150	7	6	15.999
151	7	7	91.224
152	7	8	91.224
153	7	9	15.999
154	7	10	15.999
155	7	11	15.999
156	7	12	15.999
157	7	13	91.224
158	7	14	91.224
159	7	15	15.999
160	7	16	15.999
161	7	17	15.999
162	7	18	15.999
163	7	19	91.224
164	7	20	91.224
165	7	21	15.999
166	7	22	15.999
167	7	23	15.999
168	7	24	15.999
169	8	1	180.94788
170	8	2	91.224
171	8	3	15.999
172	8	4	15.999
173	8	5	15.999
174	8	6	15.999
175	8	7	180.94788
176	8	8	91.224
177	8	9	15.999
178	8	10	15.999
179	8	11	15.999
180	8	12	15.999
181	8	13	91.224
182	8	14	91.224
183	8	15	15.999
184	8	16	15.999
185	8	17	15.999
186	8	18	15.999
187	8	19	91.224
188	8	20	91.224
189	8	21	15.999
190	8	22	15.999
191	8	23	15.999
192	8	24	15.999
193	9	1	91.224
194	9	2	173.054
195	9	3	15.999
196	9	4	15.999
197	9	5	15.999
198	9	6	15.999
199	9	7	91.224
200	9	8	91.224
201	9	9	15.999
202	9	10	15.999
203	9	11	15.999
204	9	12	15.999
205	9	13	173.054
206	9	14	91.224
207	9	15	15.999
208	9	16	15.999
209	9	17	15.999
210	9	18	15.999
211	9	19	91.224
212	9	20	91.224
213	9	21	15.999
214	9	22	15.999
215	9	23	15.999
216	9	24	15.999
217	10	1	91.224
218	10	2	91.224
219	10	3	15.999
220	10	4	15.999
221	10	5	15.999
222	10	6	15.999
223	10	7	91.224
224	10	8	91.224
225	10	9	15.999
226	10	10	15.999
227	10	11	15.999
228	10	12	15.999
229	10	13	180.94788
230	10	14	91.224
231	10	15	15.999
232	10	16	15.999
233	10	17	15.999
234	10	18	15.999
235	10	19	91.224
236	10	20	180.94788
237	10	21	15.999
238	10	22	15.999
239	10	23	15.999
240	10	24	15.999
241	11	1	91.224
242	11	2	91.224
243	11	3	15.999
244	11	4	15.999
245	11	5	15.999
246	11	6	15.999
247	11	7	91.224
248	11	8	180.94788
249	11	9	15.999
250	11	10	15.999
251	11	11	15.999
252	11	12	15.999
253	11	13	173.054
254	11	14	91.224
255	11	15	15.999
256	11	16	15.999
257	11	17	15.999
258	11	18	15.999
259	11	19	180.94788
260	11	20	91.224
261	11	21	15.999
262	11	22	15.999
263	11	23	15.999
264	11	24	15.999
265	12	1	91.224
266	12	2	173.054
267	12	3	15.999
268	12	4	15.999
269	12	5	15.999
270	12	6	15.999
271	12	7	91.224
272	12	8	91.224
273	12	9	15.999
274	12	10	15.999
275	12	11	15.999
276	12	12	15.999
277	12	13	91.224
278	12	14	91.224
279	12	15	15.999
280	12	16	15.999
281	12	17	15.999
282	12	18	15.999
283	12	19	91.224
284	12	20	180.94788
285	12	21	15.999
286	12	22	15.999
287	12	23	15.999
288	12	24	15.999
289	13	1	91.224
290	13	2	173.054
291	13	3	15.999
292	13	4	15.999
293	13	5	15.999
294	13	6	15.999
295	13	7	173.054
296	13	8	91.224
297	13	9	15.999
298	13	10	15.999
299	13	11	15.999
300	13	12	15.999
301	13	13	91.224
302	13	14	173.054
303	13	15	15.999
304	13	16	15.999
305	13	17	15.999
306	13	18	15.999
307	13	19	91.224
308	13	20	91.224
309	13	21	15.999
310	13	22	15.999
311	13	23	15.999
312	13	24	15.999
313	14	1	91.224
314	14	2	91.224
315	14	3	15.999
316	14	4	15.999
317	14	5	15.999
318	14	6	15.999
319	14	7	173.054
320	14	8	91.224
321	14	9	15.999
322	14	10	15.999
323	14	11	15.999
324	14	12	15.999
325	14	13	180.94788
326	14	14	180.94788
327	14	15	15.999
328	14	16	15.999
329	14	17	15.999
330	14	18	15.999
331	14	19	91.224
332	14	20	91.224
333	14	21	15.999
334	14	22	15.999
335	14	23	15.999
336	14	24	15.999
337	15	1	91.224
338	15	2	91.224
339	15	3	15.999
340	15	4	15.999
341	15	5	15.999
342	15	6	15.999
343	15	7	91.224
344	15	8	91.224
345	15	9	15.999
346	15	10	15.999
347	15	11	15.999
348	15	12	15.999
349	15	13	180.94788
350	15	14	91.224
351	15	15	15.999
352	15	16	15.999
353	15	17	15.999
354	15	18	15.999
355	15	19	91.224
356	15	20	91.224
357	15	21	15.999
358	15	22	15.999
359	15	23	15.999
360	15	24	15.999
361	16	1	91.224
362	16	2	91.224
363	16	3	15.999
364	16	4	15.999
365	16	5	15.999
366	16	6	15.999
367	16	7	91.224
368	16	8	180.94788
369	16	9	15.999
370	16	10	15.999
371	16	11	15.999
372	16	12	15.999
373	16	13	91.224
374	16	14	91.224
375	16	15	15.999
376	16	16	15.999
377	16	17	15.999
378	16	18	15.999
379	16	19	91.224
380	16	20	91.224
381	16	21	15.999
382	16	22	15.999
383	16	23	15.999
384	16	24	15.999
385	17	1	180.94788
386	17	2	173.054
387	17	3	15.999
388	17	4	15.999
389	17	5	15.999
390	17	6	15.999
391	17	7	180.94788
392	17	8	91.224
393	17	9	15.999
394	17	10	15.999
395	17	11	15.999
396	17	12	15.999
397	17	13	91.224
398	17	14	91.224
399	17	15	15.999
400	17	16	15.999
401	17	17	15.999
402	17	18	15.999
403	17	19	180.94788
404	17	20	91.224
405	17	21	15.999
406	17	22	15.999
407	17	23	15.999
408	17	24	15.999
409	18	1	173.054
410	18	2	180.94788
411	18	3	15.999
412	18	4	15.999
413	18	5	15.999
414	18	6	15.999
415	18	7	173.054
416	18	8	91.224
417	18	9	15.999
418	18	10	15.999
419	18	11	15.999
420	18	12	15.999
421	18	13	173.054
422	18	14	91.224
423	18	15	15.999
424	18	16	15.999
425	18	17	15.999
426	18	18	15.999
427	18	19	173.054
428	18	20	91.224
429	18	21	15.999
430	18	22	15.999
431	18	23	15.999
432	18	24	15.999
433	19	1	180.94788
434	19	2	91.224
435	19	3	15.999
436	19	4	15.999
437	19	5	15.999
438	19	6	15.999
439	19	7	91.224
440	19	8	91.224
441	19	9	15.999
442	19	10	15.999
443	19	11	15.999
444	19	12	15.999
445	19	13	91.224
446	19	14	91.224
447	19	15	15.999
448	19	16	15.999
449	19	17	15.999
450	19	18	15.999
451	19	19	91.224
452	19	20	91.224
453	19	21	15.999
454	19	22	15.999
455	19	23	15.999
456	19	24	15.999
457	20	1	91.224
458	20	2	91.224
459	20	3	15.999
460	20	4	15.999
461	20	5	15.999
462	20	6	15.999
463	20	7	91.224
464	20	8	91.224
465	20	9	15.999
466	20	10	15.999
467	20	11	15.999
468	20	12	15.999
469	20	13	91.224
470	20	14	91.224
471	20	15	15.999
472	20	16	15.999
473	20	17	15.999
474	20	18	15.999
475	20	19	91.224
476	20	20	91.224
477	20	21	15.999
478	20	22	15.999
479	20	23	15.999
480	20	24	15.999
481	21	1	91.224
482	21	2	180.94788
483	21	3	15.999
484	21	4	15.999
485	21	5	15.999
486	21	6	15.999
487	21	7	91.224
488	21	8	91.224
489	21	9	15.999
490	21	10	15.999
491	21	11	15.999
492	21	12	15.999
493	21	13	180.94788
494	21	14	91.224
495	21	15	15.999
496	21	16	15.999
497	21	17	15.999
498	21	18	15.999
499	21	19	91.224
500	21	20	91.224
501	21	21	15.999
502	21	22	15.999
503	21	23	15.999
504	21	24	15.999
505	22	1	91.224
506	22	2	91.224
507	22	3	15.999
508	22	4	15.999
509	22	5	15.999
510	22	6	15.999
511	22	7	91.224
512	22	8	91.224
513	22	9	15.999
514	22	10	15.999
515	22	11	15.999
516	22	12	15.999
517	22	13	180.94788
518	22	14	91.224
519	22	15	15.999
520	22	16	15.999
521	22	17	15.999
522	22	18	15.999
523	22	19	91.224
524	22	20	91.224
525	22	21	15.999
526	22	22	15.999
527	22	23	15.999
528	22	24	15.999
529	23	1	91.224
530	23	2	91.224
531	23	3	15.999
532	23	4	15.999
533	23	5	15.999
534	23	6	15.999
535	23	7	91.224
536	23	8	91.224
537	23	9	15.999
538	23	10	15.999
539	23	11	15.999
540	23	12	15.999
541	23	13	91.224
542	23	14	180.94788
543	23	15	15.999
544	23	16	15.999
545	23	17	15.999
546	23	18	15.999
547	23	19	91.224
548	23	20	91.224
549	23	21	15.999
550	23	22	15.999
551	23	23	15.999
552	23	24	15.999
553	24	1	88.90585
554	24	2	88.90585
555	24	3	15.999
556	24	4	15.999
557	24	5	15.999
558	24	6	15.999
559	24	7	88.90585
560	24	8	91.224
561	24	9	15.999
562	24	10	15.999
563	24	11	15.999
564	24	12	15.999
565	24	13	91.224
566	24	14	88.90585
567	24	15	15.999
568	24	16	15.999
569	24	17	15.999
570	24	18	15.999
571	24	19	91.224
572	24	20	88.90585
573	24	21	15.999
574	24	22	15.999
575	24	23	15.999
576	24	24	15.999
577	25	1	91.224
578	25	2	91.224
579	25	3	15.999
580	25	4	15.999
581	25	5	15.999
582	25	6	15.999
583	25	7	88.90585
584	25	8	88.90585
585	25	9	15.999
586	25	10	15.999
587	25	11	15.999
588	25	12	15.999
589	25	13	91.224
590	25	14	88.90585
591	25	15	15.999
592	25	16	15.999
593	25	17	15.999
594	25	18	15.999
595	25	19	91.224
596	25	20	88.90585
597	25	21	15.999
598	25	22	15.999
599	25	23	15.999
600	25	24	15.999
601	26	1	91.224
602	26	2	92.90638
603	26	3	15.999
604	26	4	15.999
605	26	5	15.999
606	26	6	15.999
607	26	7	88.90585
608	26	8	92.90638
609	26	9	15.999
610	26	10	15.999
611	26	11	15.999
612	26	12	15.999
613	26	13	91.224
614	26	14	92.90638
615	26	15	15.999
616	26	16	15.999
617	26	17	15.999
618	26	18	15.999
619	26	19	180.94788
620	26	20	92.90638
621	26	21	15.999
622	26	22	15.999
623	26	23	15.999
624	26	24	15.999
625	27	1	88.90585
626	27	2	91.224
627	27	3	15.999
628	27	4	15.999
629	27	5	15.999
630	27	6	15.999
631	27	7	88.90585
632	27	8	88.90585
633	27	9	15.999
634	27	10	15.999
635	27	11	15.999
636	27	12	15.999
637	27	13	180.94788
638	27	14	92.90638
639	27	15	15.999
640	27	16	15.999
641	27	17	15.999
642	27	18	15.999
643	27	19	92.90638
644	27	20	92.90638
645	27	21	15.999
646	27	22	15.999
647	27	23	15.999
648	27	24	15.999
649	28	1	92.90638
650	28	2	91.224
651	28	3	15.999
652	28	4	15.999
653	28	5	15.999
654	28	6	15.999
655	28	7	92.90638
656	28	8	92.90638
657	28	9	15.999
658	28	10	15.999
659	28	11	15.999
660	28	12	15.999
661	28	13	91.224
662	28	14	92.90638
663	28	15	15.999
664	28	16	15.999
665	28	17	15.999
666	28	18	15.999
667	28	19	88.90585
668	28	20	88.90585
669	28	21	15.999
670	28	22	15.999
671	28	23	15.999
672	28	24	15.999
673	29	1	180.94788
674	29	2	91.224
675	29	3	15.999
676	29	4	15.999
677	29	5	15.999
678	29	6	15.999
679	29	7	92.90638
680	29	8	180.94788
681	29	9	15.999
682	29	10	15.999
683	29	11	15.999
684	29	12	15.999
685	29	13	91.224
686	29	14	88.90585
687	29	15	15.999
688	29	16	15.999
689	29	17	15.999
690	29	18	15.999
691	29	19	92.90638
692	29	20	92.90638
693	29	21	15.999
694	29	22	15.999
695	29	23	15.999
696	29	24	15.999
697	30	1	91.224
698	30	2	91.224
699	30	3	15.999
700	30	4	15.999
701	30	5	15.999
702	30	6	15.999
703	30	7	92.90638
704	30	8	88.90585
705	30	9	15.999
706	30	10	15.999
707	30	11	15.999
708	30	12	15.999
709	30	13	173.054
710	30	14	91.224
711	30	15	15.999
712	30	16	15.999
713	30	17	15.999
714	30	18	15.999
715	30	19	92.90638
716	30	20	91.224
717	30	21	15.999
718	30	22	15.999
719	30	23	15.999
720	30	24	15.999
721	31	1	91.224
722	31	2	91.224
723	31	3	15.999
724	31	4	15.999
725	31	5	15.999
726	31	6	15.999
727	31	7	88.90585
728	31	8	91.224
729	31	9	15.999
730	31	10	15.999
731	31	11	15.999
732	31	12	15.999
733	31	13	91.224
734	31	14	88.90585
735	31	15	15.999
736	31	16	15.999
737	31	17	15.999
738	31	18	15.999
739	31	19	88.90585
740	31	20	91.224
741	31	21	15.999
742	31	22	15.999
743	31	23	15.999
744	31	24	15.999
745	32	1	91.224
746	32	2	180.94788
747	32	3	15.999
748	32	4	15.999
749	32	5	15.999
750	32	6	15.999
751	32	7	91.224
752	32	8	91.224
753	32	9	15.999
754	32	10	15.999
755	32	11	15.999
756	32	12	15.999
757	32	13	88.90585
758	32	14	91.224
759	32	15	15.999
760	32	16	15.999
761	32	17	15.999
762	32	18	15.999
763	32	19	91.224
764	32	20	180.94788
765	32	21	15.999
766	32	22	15.999
767	32	23	15.999
768	32	24	15.999
769	33	1	91.224
770	33	2	180.94788
771	33	3	15.999
772	33	4	15.999
773	33	5	15.999
774	33	6	15.999
775	33	7	91.224
776	33	8	180.94788
777	33	9	15.999
778	33	10	15.999
779	33	11	15.999
780	33	12	15.999
781	33	13	91.224
782	33	14	173.054
783	33	15	15.999
784	33	16	15.999
785	33	17	15.999
786	33	18	15.999
787	33	19	91.224
788	33	20	173.054
789	33	21	15.999
790	33	22	15.999
791	33	23	15.999
792	33	24	15.999
793	34	1	91.224
794	34	2	91.224
795	34	3	15.999
796	34	4	15.999
797	34	5	15.999
798	34	6	15.999
799	34	7	91.224
800	34	8	91.224
801	34	9	15.999
802	34	10	15.999
803	34	11	15.999
804	34	12	15.999
805	34	13	91.224
806	34	14	173.054
807	34	15	15.999
808	34	16	15.999
809	34	17	15.999
810	34	18	15.999
811	34	19	91.224
812	34	20	91.224
813	34	21	15.999
814	34	22	15.999
815	34	23	15.999
816	34	24	15.999
817	35	1	180.94788
818	35	2	91.224
819	35	3	15.999
820	35	4	15.999
821	35	5	15.999
822	35	6	15.999
823	35	7	173.054
824	35	8	173.054
825	35	9	15.999
826	35	10	15.999
827	35	11	15.999
828	35	12	15.999
829	35	13	180.94788
830	35	14	91.224
831	35	15	15.999
832	35	16	15.999
833	35	17	15.999
834	35	18	15.999
835	35	19	173.054
836	35	20	173.054
837	35	21	15.999
838	35	22	15.999
839	35	23	15.999
840	35	24	15.999
841	36	1	91.224
842	36	2	173.054
843	36	3	15.999
844	36	4	15.999
845	36	5	15.999
846	36	6	15.999
847	36	7	173.054
848	36	8	173.054
849	36	9	15.999
850	36	10	15.999
851	36	11	15.999
852	36	12	15.999
853	36	13	91.224
854	36	14	173.054
855	36	15	15.999
856	36	16	15.999
857	36	17	15.999
858	36	18	15.999
859	36	19	91.224
860	36	20	91.224
861	36	21	15.999
862	36	22	15.999
863	36	23	15.999
864	36	24	15.999
865	37	1	180.94788
866	37	2	91.224
867	37	3	15.999
868	37	4	15.999
869	37	5	15.999
870	37	6	15.999
871	37	7	91.224
872	37	8	91.224
873	37	9	15.999
874	37	10	15.999
875	37	11	15.999
876	37	12	15.999
877	37	13	91.224
878	37	14	91.224
879	37	15	15.999
880	37	16	15.999
881	37	17	15.999
882	37	18	15.999
883	37	19	173.054
884	37	20	173.054
885	37	21	15.999
886	37	22	15.999
887	37	23	15.999
888	37	24	15.999
889	38	1	91.224
890	38	2	91.224
891	38	3	15.999
892	38	4	15.999
893	38	5	15.999
894	38	6	15.999
895	38	7	91.224
896	38	8	91.224
897	38	9	15.999
898	38	10	15.999
899	38	11	15.999
900	38	12	15.999
901	38	13	91.224
902	38	14	91.224
903	38	15	15.999
904	38	16	15.999
905	38	17	15.999
906	38	18	15.999
907	38	19	180.94788
908	38	20	91.224
909	38	21	15.999
910	38	22	15.999
911	38	23	15.999
912	38	24	15.999
913	39	1	91.224
914	39	2	91.224
915	39	3	15.999
916	39	4	15.999
917	39	5	15.999
918	39	6	15.999
919	39	7	91.224
920	39	8	91.224
921	39	9	15.999
922	39	10	15.999
923	39	11	15.999
924	39	12	15.999
925	39	13	91.224
926	39	14	91.224
927	39	15	15.999
928	39	16	15.999
929	39	17	15.999
930	39	18	15.999
931	39	19	92.90638
932	39	20	88.90585
933	39	21	15.999
934	39	22	15.999
935	39	23	15.999
936	39	24	15.999
937	40	1	88.90585
938	40	2	88.90585
939	40	3	15.999
940	40	4	15.999
941	40	5	15.999
942	40	6	15.999
943	40	7	92.90638
944	40	8	92.90638
945	40	9	15.999
946	40	10	15.999
947	40	11	15.999
948	40	12	15.999
949	40	13	88.90585
950	40	14	92.90638
951	40	15	15.999
952	40	16	15.999
953	40	17	15.999
954	40	18	15.999
955	40	19	91.224
956	40	20	92.90638
957	40	21	15.999
958	40	22	15.999
959	40	23	15.999
960	40	24	15.999
961	41	1	92.90638
962	41	2	88.90585
963	41	3	15.999
964	41	4	15.999
965	41	5	15.999
966	41	6	15.999
967	41	7	92.90638
968	41	8	92.90638
969	41	9	15.999
970	41	10	15.999
971	41	11	15.999
972	41	12	15.999
973	41	13	92.90638
974	41	14	180.94788
975	41	15	15.999
976	41	16	15.999
977	41	17	15.999
978	41	18	15.999
979	41	19	92.90638
980	41	20	88.90585
981	41	21	15.999
982	41	22	15.999
983	41	23	15.999
984	41	24	15.999
985	42	1	92.90638
986	42	2	88.90585
987	42	3	15.999
988	42	4	15.999
989	42	5	15.999
990	42	6	15.999
991	42	7	88.90585
992	42	8	92.90638
993	42	9	15.999
994	42	10	15.999
995	42	11	15.999
996	42	12	15.999
997	42	13	92.90638
998	42	14	180.94788
999	42	15	15.999
1000	42	16	15.999
1001	42	17	15.999
1002	42	18	15.999
1003	42	19	88.90585
1004	42	20	91.224
1005	42	21	15.999
1006	42	22	15.999
1007	42	23	15.999
1008	42	24	15.999
1009	43	1	180.94788
1010	43	2	91.224
1011	43	3	15.999
1012	43	4	15.999
1013	43	5	15.999
1014	43	6	15.999
1015	43	7	91.224
1016	43	8	180.94788
1017	43	9	15.999
1018	43	10	15.999
1019	43	11	15.999
1020	43	12	15.999
1021	43	13	91.224
1022	43	14	91.224
1023	43	15	15.999
1024	43	16	15.999
1025	43	17	15.999
1026	43	18	15.999
1027	43	19	91.224
1028	43	20	91.224
1029	43	21	15.999
1030	43	22	15.999
1031	43	23	15.999
1032	43	24	15.999
1033	44	1	91.224
1034	44	2	91.224
1035	44	3	15.999
1036	44	4	15.999
1037	44	5	15.999
1038	44	6	15.999
1039	44	7	91.224
1040	44	8	91.224
1041	44	9	15.999
1042	44	10	15.999
1043	44	11	15.999
1044	44	12	15.999
1045	44	13	91.224
1046	44	14	91.224
1047	44	15	15.999
1048	44	16	15.999
1049	44	17	15.999
1050	44	18	15.999
1051	44	19	91.224
1052	44	20	91.224
1053	44	21	15.999
1054	44	22	15.999
1055	44	23	15.999
1056	44	24	15.999
1057	45	1	180.94788
1058	45	2	91.224
1059	45	3	15.999
1060	45	4	15.999
1061	45	5	15.999
1062	45	6	15.999
1063	45	7	91.224
1064	45	8	91.224
1065	45	9	15.999
1066	45	10	15.999
1067	45	11	15.999
1068	45	12	15.999
1069	45	13	91.224
1070	45	14	91.224
1071	45	15	15.999
1072	45	16	15.999
1073	45	17	15.999
1074	45	18	15.999
1075	45	19	91.224
1076	45	20	91.224
1077	45	21	15.999
1078	45	22	15.999
1079	45	23	15.999
1080	45	24	15.999
1081	46	1	91.224
1082	46	2	91.224
1083	46	3	15.999
1084	46	4	15.999
1085	46	5	15.999
1086	46	6	15.999
1087	46	7	91.224
1088	46	8	91.224
1089	46	9	15.999
1090	46	10	15.999
1091	46	11	15.999
1092	46	12	15.999
1093	46	13	91.224
1094	46	14	91.224
1095	46	15	15.999
1096	46	16	15.999
1097	46	17	15.999
1098	46	18	15.999
1099	46	19	91.224
1100	46	20	91.224
1101	46	21	15.999
1102	46	22	15.999
1103	46	23	15.999
1104	46	24	15.999
1105	47	1	88.90585
1106	47	2	88.90585
1107	47	3	15.999
1108	47	4	15.999
1109	47	5	15.999
1110	47	6	15.999
1111	47	7	91.224
1112	47	8	91.224
1113	47	9	15.999
1114	47	10	15.999
1115	47	11	15.999
1116	47	12	15.999
1117	47	13	91.224
1118	47	14	91.224
1119	47	15	15.999
1120	47	16	15.999
1121	47	17	15.999
1122	47	18	15.999
1123	47	19	91.224
1124	47	20	91.224
1125	47	21	15.999
1126	47	22	15.999
1127	47	23	15.999
1128	47	24	15.999
1129	48	1	88.90585
1130	48	2	92.90638
1131	48	3	15.999
1132	48	4	15.999
1133	48	5	15.999
1134	48	6	15.999
1135	48	7	91.224
1136	48	8	92.90638
1137	48	9	15.999
1138	48	10	15.999
1139	48	11	15.999
1140	48	12	15.999
1141	48	13	91.224
1142	48	14	92.90638
1143	48	15	15.999
1144	48	16	15.999
1145	48	17	15.999
1146	48	18	15.999
1147	48	19	91.224
1148	48	20	92.90638
1149	48	21	15.999
1150	48	22	15.999
1151	48	23	15.999
1152	48	24	15.999
1153	49	1	173.054
1154	49	2	92.90638
1155	49	3	15.999
1156	49	4	15.999
1157	49	5	15.999
1158	49	6	15.999
1159	49	7	92.90638
1160	49	8	180.94788
1161	49	9	15.999
1162	49	10	15.999
1163	49	11	15.999
1164	49	12	15.999
1165	49	13	92.90638
1166	49	14	92.90638
1167	49	15	15.999
1168	49	16	15.999
1169	49	17	15.999
1170	49	18	15.999
1171	49	19	92.90638
1172	49	20	173.054
1173	49	21	15.999
1174	49	22	15.999
1175	49	23	15.999
1176	49	24	15.999
1177	50	1	173.054
1178	50	2	92.90638
1179	50	3	15.999
1180	50	4	15.999
1181	50	5	15.999
1182	50	6	15.999
1183	50	7	92.90638
1184	50	8	92.90638
1185	50	9	15.999
1186	50	10	15.999
1187	50	11	15.999
1188	50	12	15.999
1189	50	13	92.90638
1190	50	14	92.90638
1191	50	15	15.999
1192	50	16	15.999
1193	50	17	15.999
1194	50	18	15.999
1195	50	19	92.90638
1196	50	20	173.054
1197	50	21	15.999
1198	50	22	15.999
1199	50	23	15.999
1200	50	24	15.999
1201	51	1	92.90638
1202	51	2	92.90638
1203	51	3	15.999
1204	51	4	15.999
1205	51	5	15.999
1206	51	6	15.999
1207	51	7	92.90638
1208	51	8	92.90638
1209	51	9	15.999
1210	51	10	15.999
1211	51	11	15.999
1212	51	12	15.999
1213	51	13	92.90638
1214	51	14	92.90638
1215	51	15	15.999
1216	51	16	15.999
1217	51	17	15.999
1218	51	18	15.999
1219	51	19	92.90638
1220	51	20	92.90638
1221	51	21	15.999
1222	51	22	15.999
1223	51	23	15.999
1224	51	24	15.999
1225	52	1	92.90638
1226	52	2	88.90585
1227	52	3	15.999
1228	52	4	15.999
1229	52	5	15.999
1230	52	6	15.999
1231	52	7	92.90638
1232	52	8	92.90638
1233	52	9	15.999
1234	52	10	15.999
1235	52	11	15.999
1236	52	12	15.999
1237	52	13	180.94788
1238	52	14	92.90638
1239	52	15	15.999
1240	52	16	15.999
1241	52	17	15.999
1242	52	18	15.999
1243	52	19	92.90638
1244	52	20	92.90638
1245	52	21	15.999
1246	52	22	15.999
1247	52	23	15.999
1248	52	24	15.999
1249	53	1	92.90638
1250	53	2	91.224
1251	53	3	15.999
1252	53	4	15.999
1253	53	5	15.999
1254	53	6	15.999
1255	53	7	88.90585
1256	53	8	92.90638
1257	53	9	15.999
1258	53	10	15.999
1259	53	11	15.999
1260	53	12	15.999
1261	53	13	92.90638
1262	53	14	92.90638
1263	53	15	15.999
1264	53	16	15.999
1265	53	17	15.999
1266	53	18	15.999
1267	53	19	92.90638
1268	53	20	92.90638
1269	53	21	15.999
1270	53	22	15.999
1271	53	23	15.999
1272	53	24	15.999
1273	54	1	91.224
1274	54	2	91.224
1275	54	3	15.999
1276	54	4	15.999
1277	54	5	15.999
1278	54	6	15.999
1279	54	7	92.90638
1280	54	8	91.224
1281	54	9	15.999
1282	54	10	15.999
1283	54	11	15.999
1284	54	12	15.999
1285	54	13	91.224
1286	54	14	91.224
1287	54	15	15.999
1288	54	16	15.999
1289	54	17	15.999
1290	54	18	15.999
1291	54	19	91.224
1292	54	20	91.224
1293	54	21	15.999
1294	54	22	15.999
1295	54	23	15.999
1296	54	24	15.999
1297	55	1	91.224
1298	55	2	91.224
1299	55	3	15.999
1300	55	4	15.999
1301	55	5	15.999
1302	55	6	15.999
1303	55	7	91.224
1304	55	8	91.224
1305	55	9	15.999
1306	55	10	15.999
1307	55	11	15.999
1308	55	12	15.999
1309	55	13	91.224
1310	55	14	91.224
1311	55	15	15.999
1312	55	16	15.999
1313	55	17	15.999
1314	55	18	15.999
1315	55	19	91.224
1316	55	20	91.224
1317	55	21	15.999
1318	55	22	15.999
1319	55	23	15.999
1320	55	24	15.999
1321	56	1	91.224
1322	56	2	180.94788
1323	56	3	15.999
1324	56	4	15.999
1325	56	5	15.999
1326	56	6	15.999
1327	56	7	91.224
1328	56	8	91.224
1329	56	9	15.999
1330	56	10	15.999
1331	56	11	15.999
1332	56	12	15.999
1333	56	13	91.224
1334	56	14	91.224
1335	56	15	15.999
1336	56	16	15.999
1337	56	17	15.999
1338	56	18	15.999
1339	56	19	91.224
1340	56	20	91.224
1341	56	21	15.999
1342	56	22	15.999
1343	56	23	15.999
1344	56	24	15.999
1345	57	1	91.224
1346	57	2	88.90585
1347	57	3	15.999
1348	57	4	15.999
1349	57	5	15.999
1350	57	6	15.999
1351	57	7	91.224
1352	57	8	91.224
1353	57	9	15.999
1354	57	10	15.999
1355	57	11	15.999
1356	57	12	15.999
1357	57	13	180.94788
1358	57	14	91.224
1359	57	15	15.999
1360	57	16	15.999
1361	57	17	15.999
1362	57	18	15.999
1363	57	19	88.90585
1364	57	20	91.224
1365	57	21	15.999
1366	57	22	15.999
1367	57	23	15.999
1368	57	24	15.999
1369	58	1	91.224
1370	58	2	91.224
1371	58	3	15.999
1372	58	4	15.999
1373	58	5	15.999
1374	58	6	15.999
1375	58	7	91.224
1376	58	8	91.224
1377	58	9	15.999
1378	58	10	15.999
1379	58	11	15.999
1380	58	12	15.999
1381	58	13	88.90585
1382	58	14	180.94788
1383	58	15	15.999
1384	58	16	15.999
1385	58	17	15.999
1386	58	18	15.999
1387	58	19	88.90585
1388	58	20	91.224
1389	58	21	15.999
1390	58	22	15.999
1391	58	23	15.999
1392	58	24	15.999
1393	59	1	91.224
1394	59	2	91.224
1395	59	3	15.999
1396	59	4	15.999
1397	59	5	15.999
1398	59	6	15.999
1399	59	7	91.224
1400	59	8	91.224
1401	59	9	15.999
1402	59	10	15.999
1403	59	11	15.999
1404	59	12	15.999
1405	59	13	88.90585
1406	59	14	91.224
1407	59	15	15.999
1408	59	16	15.999
1409	59	17	15.999
1410	59	18	15.999
1411	59	19	91.224
1412	59	20	91.224
1413	59	21	15.999
1414	59	22	15.999
1415	59	23	15.999
1416	59	24	15.999
1417	60	1	91.224
1418	60	2	91.224
1419	60	3	15.999
1420	60	4	15.999
1421	60	5	15.999
1422	60	6	15.999
1423	60	7	91.224
1424	60	8	91.224
1425	60	9	15.999
1426	60	10	15.999
1427	60	11	15.999
1428	60	12	15.999
1429	60	13	88.90585
1430	60	14	180.94788
1431	60	15	15.999
1432	60	16	15.999
1433	60	17	15.999
1434	60	18	15.999
1435	60	19	91.224
1436	60	20	91.224
1437	60	21	15.999
1438	60	22	15.999
1439	60	23	15.999
1440	60	24	15.999
1441	61	1	91.224
1442	61	2	180.94788
1443	61	3	15.999
1444	61	4	15.999
1445	61	5	15.999
1446	61	6	15.999
1447	61	7	91.224
1448	61	8	91.224
1449	61	9	15.999
1450	61	10	15.999
1451	61	11	15.999
1452	61	12	15.999
1453	61	13	180.94788
1454	61	14	91.224
1455	61	15	15.999
1456	61	16	15.999
1457	61	17	15.999
1458	61	18	15.999
1459	61	19	91.224
1460	61	20	91.224
1461	61	21	15.999
1462	61	22	15.999
1463	61	23	15.999
1464	61	24	15.999
1465	62	1	91.224
1466	62	2	91.224
1467	62	3	15.999
1468	62	4	15.999
1469	62	5	15.999
1470	62	6	15.999
1471	62	7	91.224
1472	62	8	91.224
1473	62	9	15.999
1474	62	10	15.999
1475	62	11	15.999
1476	62	12	15.999
1477	62	13	91.224
1478	62	14	91.224
1479	62	15	15.999
1480	62	16	15.999
1481	62	17	15.999
1482	62	18	15.999
1483	62	19	91.224
1484	62	20	91.224
1485	62	21	15.999
1486	62	22	15.999
1487	62	23	15.999
1488	62	24	15.999
1489	63	1	91.224
1490	63	2	91.224
1491	63	3	15.999
1492	63	4	15.999
1493	63	5	15.999
1494	63	6	15.999
1495	63	7	91.224
1496	63	8	91.224
1497	63	9	15.999
1498	63	10	15.999
1499	63	11	15.999
1500	63	12	15.999
1501	63	13	91.224
1502	63	14	91.224
1503	63	15	15.999
1504	63	16	15.999
1505	63	17	15.999
1506	63	18	15.999
1507	63	19	91.224
1508	63	20	91.224
1509	63	21	15.999
1510	63	22	15.999
1511	63	23	15.999
1512	63	24	15.999
1513	64	1	173.054
1514	64	2	180.94788
1515	64	3	15.999
1516	64	4	15.999
1517	64	5	15.999
1518	64	6	15.999
1519	64	7	173.054
1520	64	8	173.054
1521	64	9	15.999
1522	64	10	15.999
1523	64	11	15.999
1524	64	12	15.999
1525	64	13	91.224
1526	64	14	180.94788
1527	64	15	15.999
1528	64	16	15.999
1529	64	17	15.999
1530	64	18	15.999
1531	64	19	173.054
1532	64	20	173.054
1533	64	21	15.999
1534	64	22	15.999
1535	64	23	15.999
1536	64	24	15.999
1537	65	1	173.054
1538	65	2	91.224
1539	65	3	15.999
1540	65	4	15.999
1541	65	5	15.999
1542	65	6	15.999
1543	65	7	173.054
1544	65	8	173.054
1545	65	9	15.999
1546	65	10	15.999
1547	65	11	15.999
1548	65	12	15.999
1549	65	13	173.054
1550	65	14	173.054
1551	65	15	15.999
1552	65	16	15.999
1553	65	17	15.999
1554	65	18	15.999
1555	65	19	173.054
1556	65	20	173.054
1557	65	21	15.999
1558	65	22	15.999
1559	65	23	15.999
1560	65	24	15.999
1561	66	1	91.224
1562	66	2	91.224
1563	66	3	15.999
1564	66	4	15.999
1565	66	5	15.999
1566	66	6	15.999
1567	66	7	173.054
1568	66	8	91.224
1569	66	9	15.999
1570	66	10	15.999
1571	66	11	15.999
1572	66	12	15.999
1573	66	13	91.224
1574	66	14	91.224
1575	66	15	15.999
1576	66	16	15.999
1577	66	17	15.999
1578	66	18	15.999
1579	66	19	173.054
1580	66	20	91.224
1581	66	21	15.999
1582	66	22	15.999
1583	66	23	15.999
1584	66	24	15.999
1585	67	1	91.224
1586	67	2	91.224
1587	67	3	15.999
1588	67	4	15.999
1589	67	5	15.999
1590	67	6	15.999
1591	67	7	91.224
1592	67	8	91.224
1593	67	9	15.999
1594	67	10	15.999
1595	67	11	15.999
1596	67	12	15.999
1597	67	13	91.224
1598	67	14	91.224
1599	67	15	15.999
1600	67	16	15.999
1601	67	17	15.999
1602	67	18	15.999
1603	67	19	91.224
1604	67	20	91.224
1605	67	21	15.999
1606	67	22	15.999
1607	67	23	15.999
1608	67	24	15.999
1609	68	1	180.94788
1610	68	2	91.224
1611	68	3	15.999
1612	68	4	15.999
1613	68	5	15.999
1614	68	6	15.999
1615	68	7	180.94788
1616	68	8	91.224
1617	68	9	15.999
1618	68	10	15.999
1619	68	11	15.999
1620	68	12	15.999
1621	68	13	91.224
1622	68	14	91.224
1623	68	15	15.999
1624	68	16	15.999
1625	68	17	15.999
1626	68	18	15.999
1627	68	19	91.224
1628	68	20	91.224
1629	68	21	15.999
1630	68	22	15.999
1631	68	23	15.999
1632	68	24	15.999
1633	69	1	88.90585
1634	69	2	88.90585
1635	69	3	15.999
1636	69	4	15.999
1637	69	5	15.999
1638	69	6	15.999
1639	69	7	88.90585
1640	69	8	88.90585
1641	69	9	15.999
1642	69	10	15.999
1643	69	11	15.999
1644	69	12	15.999
1645	69	13	91.224
1646	69	14	91.224
1647	69	15	15.999
1648	69	16	15.999
1649	69	17	15.999
1650	69	18	15.999
1651	69	19	91.224
1652	69	20	91.224
1653	69	21	15.999
1654	69	22	15.999
1655	69	23	15.999
1656	69	24	15.999
1657	70	1	91.224
1658	70	2	91.224
1659	70	3	15.999
1660	70	4	15.999
1661	70	5	15.999
1662	70	6	15.999
1663	70	7	91.224
1664	70	8	88.90585
1665	70	9	15.999
1666	70	10	15.999
1667	70	11	15.999
1668	70	12	15.999
1669	70	13	91.224
1670	70	14	91.224
1671	70	15	15.999
1672	70	16	15.999
1673	70	17	15.999
1674	70	18	15.999
1675	70	19	88.90585
1676	70	20	91.224
1677	70	21	15.999
1678	70	22	15.999
1679	70	23	15.999
1680	70	24	15.999
1681	71	1	91.224
1682	71	2	91.224
1683	71	3	15.999
1684	71	4	15.999
1685	71	5	15.999
1686	71	6	15.999
1687	71	7	91.224
1688	71	8	91.224
1689	71	9	15.999
1690	71	10	15.999
1691	71	11	15.999
1692	71	12	15.999
1693	71	13	91.224
1694	71	14	91.224
1695	71	15	15.999
1696	71	16	15.999
1697	71	17	15.999
1698	71	18	15.999
1699	71	19	180.94788
1700	71	20	91.224
1701	71	21	15.999
1702	71	22	15.999
1703	71	23	15.999
1704	71	24	15.999
1705	72	1	91.224
1706	72	2	91.224
1707	72	3	15.999
1708	72	4	15.999
1709	72	5	15.999
1710	72	6	15.999
1711	72	7	91.224
1712	72	8	91.224
1713	72	9	15.999
1714	72	10	15.999
1715	72	11	15.999
1716	72	12	15.999
1717	72	13	91.224
1718	72	14	180.94788
1719	72	15	15.999
1720	72	16	15.999
1721	72	17	15.999
1722	72	18	15.999
1723	72	19	92.90638
1724	72	20	91.224
1725	72	21	15.999
1726	72	22	15.999
1727	72	23	15.999
1728	72	24	15.999
1729	73	1	91.224
1730	73	2	91.224
1731	73	3	15.999
1732	73	4	15.999
1733	73	5	15.999
1734	73	6	15.999
1735	73	7	91.224
1736	73	8	91.224
1737	73	9	15.999
1738	73	10	15.999
1739	73	11	15.999
1740	73	12	15.999
1741	73	13	91.224
1742	73	14	91.224
1743	73	15	15.999
1744	73	16	15.999
1745	73	17	15.999
1746	73	18	15.999
1747	73	19	91.224
1748	73	20	91.224
1749	73	21	15.999
1750	73	22	15.999
1751	73	23	15.999
1752	73	24	15.999
1753	74	1	91.224
1754	74	2	91.224
1755	74	3	15.999
1756	74	4	15.999
1757	74	5	15.999
1758	74	6	15.999
1759	74	7	91.224
1760	74	8	91.224
1761	74	9	15.999
1762	74	10	15.999
1763	74	11	15.999
1764	74	12	15.999
1765	74	13	91.224
1766	74	14	91.224
1767	74	15	15.999
1768	74	16	15.999
1769	74	17	15.999
1770	74	18	15.999
1771	74	19	91.224
1772	74	20	91.224
1773	74	21	15.999
1774	74	22	15.999
1775	74	23	15.999
1776	74	24	15.999
1777	75	1	91.224
1778	75	2	88.90585
1779	75	3	15.999
1780	75	4	15.999
1781	75	5	15.999
1782	75	6	15.999
1783	75	7	88.90585
1784	75	8	92.90638
1785	75	9	15.999
1786	75	10	15.999
1787	75	11	15.999
1788	75	12	15.999
1789	75	13	91.224
1790	75	14	88.90585
1791	75	15	15.999
1792	75	16	15.999
1793	75	17	15.999
1794	75	18	15.999
1795	75	19	91.224
1796	75	20	91.224
1797	75	21	15.999
1798	75	22	15.999
1799	75	23	15.999
1800	75	24	15.999
1801	76	1	91.224
1802	76	2	88.90585
1803	76	3	15.999
1804	76	4	15.999
1805	76	5	15.999
1806	76	6	15.999
1807	76	7	91.224
1808	76	8	92.90638
1809	76	9	15.999
1810	76	10	15.999
1811	76	11	15.999
1812	76	12	15.999
1813	76	13	91.224
1814	76	14	91.224
1815	76	15	15.999
1816	76	16	15.999
1817	76	17	15.999
1818	76	18	15.999
1819	76	19	91.224
1820	76	20	91.224
1821	76	21	15.999
1822	76	22	15.999
1823	76	23	15.999
1824	76	24	15.999
1825	77	1	91.224
1826	77	2	91.224
1827	77	3	15.999
1828	77	4	15.999
1829	77	5	15.999
1830	77	6	15.999
1831	77	7	88.90585
1832	77	8	180.94788
1833	77	9	15.999
1834	77	10	15.999
1835	77	11	15.999
1836	77	12	15.999
1837	77	13	91.224
1838	77	14	91.224
1839	77	15	15.999
1840	77	16	15.999
1841	77	17	15.999
1842	77	18	15.999
1843	77	19	91.224
1844	77	20	91.224
1845	77	21	15.999
1846	77	22	15.999
1847	77	23	15.999
1848	77	24	15.999
1849	78	1	91.224
1850	78	2	180.94788
1851	78	3	15.999
1852	78	4	15.999
1853	78	5	15.999
1854	78	6	15.999
1855	78	7	91.224
1856	78	8	91.224
1857	78	9	15.999
1858	78	10	15.999
1859	78	11	15.999
1860	78	12	15.999
1861	78	13	91.224
1862	78	14	91.224
1863	78	15	15.999
1864	78	16	15.999
1865	78	17	15.999
1866	78	18	15.999
1867	78	19	91.224
1868	78	20	180.94788
1869	78	21	15.999
1870	78	22	15.999
1871	78	23	15.999
1872	78	24	15.999
1873	79	1	91.224
1874	79	2	91.224
1875	79	3	15.999
1876	79	4	15.999
1877	79	5	15.999
1878	79	6	15.999
1879	79	7	91.224
1880	79	8	91.224
1881	79	9	15.999
1882	79	10	15.999
1883	79	11	15.999
1884	79	12	15.999
1885	79	13	91.224
1886	79	14	180.94788
1887	79	15	15.999
1888	79	16	15.999
1889	79	17	15.999
1890	79	18	15.999
1891	79	19	91.224
1892	79	20	91.224
1893	79	21	15.999
1894	79	22	15.999
1895	79	23	15.999
1896	79	24	15.999
1897	80	1	91.224
1898	80	2	91.224
1899	80	3	15.999
1900	80	4	15.999
1901	80	5	15.999
1902	80	6	15.999
1903	80	7	91.224
1904	80	8	91.224
1905	80	9	15.999
1906	80	10	15.999
1907	80	11	15.999
1908	80	12	15.999
1909	80	13	91.224
1910	80	14	173.054
1911	80	15	15.999
1912	80	16	15.999
1913	80	17	15.999
1914	80	18	15.999
1915	80	19	91.224
1916	80	20	173.054
1917	80	21	15.999
1918	80	22	15.999
1919	80	23	15.999
1920	80	24	15.999
1921	81	1	91.224
1922	81	2	180.94788
1923	81	3	15.999
1924	81	4	15.999
1925	81	5	15.999
1926	81	6	15.999
1927	81	7	91.224
1928	81	8	91.224
1929	81	9	15.999
1930	81	10	15.999
1931	81	11	15.999
1932	81	12	15.999
1933	81	13	180.94788
1934	81	14	173.054
1935	81	15	15.999
1936	81	16	15.999
1937	81	17	15.999
1938	81	18	15.999
1939	81	19	91.224
1940	81	20	91.224
1941	81	21	15.999
1942	81	22	15.999
1943	81	23	15.999
1944	81	24	15.999
1945	82	1	91.224
1946	82	2	91.224
1947	82	3	15.999
1948	82	4	15.999
1949	82	5	15.999
1950	82	6	15.999
1951	82	7	180.94788
1952	82	8	180.94788
1953	82	9	15.999
1954	82	10	15.999
1955	82	11	15.999
1956	82	12	15.999
1957	82	13	91.224
1958	82	14	91.224
1959	82	15	15.999
1960	82	16	15.999
1961	82	17	15.999
1962	82	18	15.999
1963	82	19	91.224
1964	82	20	173.054
1965	82	21	15.999
1966	82	22	15.999
1967	82	23	15.999
1968	82	24	15.999
1969	83	1	180.94788
1970	83	2	91.224
1971	83	3	15.999
1972	83	4	15.999
1973	83	5	15.999
1974	83	6	15.999
1975	83	7	91.224
1976	83	8	173.054
1977	83	9	15.999
1978	83	10	15.999
1979	83	11	15.999
1980	83	12	15.999
1981	83	13	91.224
1982	83	14	173.054
1983	83	15	15.999
1984	83	16	15.999
1985	83	17	15.999
1986	83	18	15.999
1987	83	19	91.224
1988	83	20	173.054
1989	83	21	15.999
1990	83	22	15.999
1991	83	23	15.999
1992	83	24	15.999
1993	84	1	173.054
1994	84	2	173.054
1995	84	3	15.999
1996	84	4	15.999
1997	84	5	15.999
1998	84	6	15.999
1999	84	7	91.224
2000	84	8	91.224
2001	84	9	15.999
2002	84	10	15.999
2003	84	11	15.999
2004	84	12	15.999
2005	84	13	91.224
2006	84	14	91.224
2007	84	15	15.999
2008	84	16	15.999
2009	84	17	15.999
2010	84	18	15.999
2011	84	19	91.224
2012	84	20	180.94788
2013	84	21	15.999
2014	84	22	15.999
2015	84	23	15.999
2016	84	24	15.999
2017	85	1	91.224
2018	85	2	91.224
2019	85	3	15.999
2020	85	4	15.999
2021	85	5	15.999
2022	85	6	15.999
2023	85	7	180.94788
2024	85	8	91.224
2025	85	9	15.999
2026	85	10	15.999
2027	85	11	15.999
2028	85	12	15.999
2029	85	13	91.224
2030	85	14	91.224
2031	85	15	15.999
2032	85	16	15.999
2033	85	17	15.999
2034	85	18	15.999
2035	85	19	91.224
2036	85	20	91.224
2037	85	21	15.999
2038	85	22	15.999
2039	85	23	15.999
2040	85	24	15.999
2041	86	1	91.224
2042	86	2	91.224
2043	86	3	15.999
2044	86	4	15.999
2045	86	5	15.999
2046	86	6	15.999
2047	86	7	91.224
2048	86	8	91.224
2049	86	9	15.999
2050	86	10	15.999
2051	86	11	15.999
2052	86	12	15.999
2053	86	13	91.224
2054	86	14	180.94788
2055	86	15	15.999
2056	86	16	15.999
2057	86	17	15.999
2058	86	18	15.999
2059	86	19	91.224
2060	86	20	91.224
2061	86	21	15.999
2062	86	22	15.999
2063	86	23	15.999
2064	86	24	15.999
2065	87	1	91.224
2066	87	2	91.224
2067	87	3	15.999
2068	87	4	15.999
2069	87	5	15.999
2070	87	6	15.999
2071	87	7	91.224
2072	87	8	91.224
2073	87	9	15.999
2074	87	10	15.999
2075	87	11	15.999
2076	87	12	15.999
2077	87	13	180.94788
2078	87	14	91.224
2079	87	15	15.999
2080	87	16	15.999
2081	87	17	15.999
2082	87	18	15.999
2083	87	19	91.224
2084	87	20	91.224
2085	87	21	15.999
2086	87	22	15.999
2087	87	23	15.999
2088	87	24	15.999
2089	88	1	91.224
2090	88	2	91.224
2091	88	3	15.999
2092	88	4	15.999
2093	88	5	15.999
2094	88	6	15.999
2095	88	7	91.224
2096	88	8	91.224
2097	88	9	15.999
2098	88	10	15.999
2099	88	11	15.999
2100	88	12	15.999
2101	88	13	91.224
2102	88	14	91.224
2103	88	15	15.999
2104	88	16	15.999
2105	88	17	15.999
2106	88	18	15.999
2107	88	19	91.224
2108	88	20	91.224
2109	88	21	15.999
2110	88	22	15.999
2111	88	23	15.999
2112	88	24	15.999
2113	89	1	91.224
2114	89	2	180.94788
2115	89	3	15.999
2116	89	4	15.999
2117	89	5	15.999
2118	89	6	15.999
2119	89	7	180.94788
2120	89	8	91.224
2121	89	9	15.999
2122	89	10	15.999
2123	89	11	15.999
2124	89	12	15.999
2125	89	13	91.224
2126	89	14	91.224
2127	89	15	15.999
2128	89	16	15.999
2129	89	17	15.999
2130	89	18	15.999
2131	89	19	91.224
2132	89	20	173.054
2133	89	21	15.999
2134	89	22	15.999
2135	89	23	15.999
2136	89	24	15.999
2137	90	1	91.224
2138	90	2	91.224
2139	90	3	15.999
2140	90	4	15.999
2141	90	5	15.999
2142	90	6	15.999
2143	90	7	91.224
2144	90	8	173.054
2145	90	9	15.999
2146	90	10	15.999
2147	90	11	15.999
2148	90	12	15.999
2149	90	13	91.224
2150	90	14	173.054
2151	90	15	15.999
2152	90	16	15.999
2153	90	17	15.999
2154	90	18	15.999
2155	90	19	173.054
2156	90	20	173.054
2157	90	21	15.999
2158	90	22	15.999
2159	90	23	15.999
2160	90	24	15.999
2161	91	1	91.224
2162	91	2	91.224
2163	91	3	15.999
2164	91	4	15.999
2165	91	5	15.999
2166	91	6	15.999
2167	91	7	91.224
2168	91	8	91.224
2169	91	9	15.999
2170	91	10	15.999
2171	91	11	15.999
2172	91	12	15.999
2173	91	13	91.224
2174	91	14	91.224
2175	91	15	15.999
2176	91	16	15.999
2177	91	17	15.999
2178	91	18	15.999
2179	91	19	91.224
2180	91	20	91.224
2181	91	21	15.999
2182	91	22	15.999
2183	91	23	15.999
2184	91	24	15.999
2185	92	1	91.224
2186	92	2	88.90585
2187	92	3	15.999
2188	92	4	15.999
2189	92	5	15.999
2190	92	6	15.999
2191	92	7	88.90585
2192	92	8	180.94788
2193	92	9	15.999
2194	92	10	15.999
2195	92	11	15.999
2196	92	12	15.999
2197	92	13	180.94788
2198	92	14	91.224
2199	92	15	15.999
2200	92	16	15.999
2201	92	17	15.999
2202	92	18	15.999
2203	92	19	91.224
2204	92	20	91.224
2205	92	21	15.999
2206	92	22	15.999
2207	92	23	15.999
2208	92	24	15.999
2209	93	1	91.224
2210	93	2	91.224
2211	93	3	15.999
2212	93	4	15.999
2213	93	5	15.999
2214	93	6	15.999
2215	93	7	88.90585
2216	93	8	88.90585
2217	93	9	15.999
2218	93	10	15.999
2219	93	11	15.999
2220	93	12	15.999
2221	93	13	88.90585
2222	93	14	91.224
2223	93	15	15.999
2224	93	16	15.999
2225	93	17	15.999
2226	93	18	15.999
2227	93	19	91.224
2228	93	20	91.224
2229	93	21	15.999
2230	93	22	15.999
2231	93	23	15.999
2232	93	24	15.999
2233	94	1	91.224
2234	94	2	91.224
2235	94	3	15.999
2236	94	4	15.999
2237	94	5	15.999
2238	94	6	15.999
2239	94	7	91.224
2240	94	8	91.224
2241	94	9	15.999
2242	94	10	15.999
2243	94	11	15.999
2244	94	12	15.999
2245	94	13	91.224
2246	94	14	91.224
2247	94	15	15.999
2248	94	16	15.999
2249	94	17	15.999
2250	94	18	15.999
2251	94	19	91.224
2252	94	20	180.94788
2253	94	21	15.999
2254	94	22	15.999
2255	94	23	15.999
2256	94	24	15.999
2257	95	1	173.054
2258	95	2	91.224
2259	95	3	15.999
2260	95	4	15.999
2261	95	5	15.999
2262	95	6	15.999
2263	95	7	91.224
2264	95	8	91.224
2265	95	9	15.999
2266	95	10	15.999
2267	95	11	15.999
2268	95	12	15.999
2269	95	13	173.054
2270	95	14	91.224
2271	95	15	15.999
2272	95	16	15.999
2273	95	17	15.999
2274	95	18	15.999
2275	95	19	91.224
2276	95	20	91.224
2277	95	21	15.999
2278	95	22	15.999
2279	95	23	15.999
2280	95	24	15.999
2281	96	1	91.224
2282	96	2	180.94788
2283	96	3	15.999
2284	96	4	15.999
2285	96	5	15.999
2286	96	6	15.999
2287	96	7	173.054
2288	96	8	91.224
2289	96	9	15.999
2290	96	10	15.999
2291	96	11	15.999
2292	96	12	15.999
2293	96	13	91.224
2294	96	14	91.224
2295	96	15	15.999
2296	96	16	15.999
2297	96	17	15.999
2298	96	18	15.999
2299	96	19	91.224
2300	96	20	180.94788
2301	96	21	15.999
2302	96	22	15.999
2303	96	23	15.999
2304	96	24	15.999
2305	97	1	91.224
2306	97	2	91.224
2307	97	3	15.999
2308	97	4	15.999
2309	97	5	15.999
2310	97	6	15.999
2311	97	7	91.224
2312	97	8	91.224
2313	97	9	15.999
2314	97	10	15.999
2315	97	11	15.999
2316	97	12	15.999
2317	97	13	88.90585
2318	97	14	180.94788
2319	97	15	15.999
2320	97	16	15.999
2321	97	17	15.999
2322	97	18	15.999
2323	97	19	88.90585
2324	97	20	180.94788
2325	97	21	15.999
2326	97	22	15.999
2327	97	23	15.999
2328	97	24	15.999
2329	98	1	91.224
2330	98	2	91.224
2331	98	3	15.999
2332	98	4	15.999
2333	98	5	15.999
2334	98	6	15.999
2335	98	7	173.054
2336	98	8	91.224
2337	98	9	15.999
2338	98	10	15.999
2339	98	11	15.999
2340	98	12	15.999
2341	98	13	88.90585
2342	98	14	91.224
2343	98	15	15.999
2344	98	16	15.999
2345	98	17	15.999
2346	98	18	15.999
2347	98	19	173.054
2348	98	20	173.054
2349	98	21	15.999
2350	98	22	15.999
2351	98	23	15.999
2352	98	24	15.999
2353	99	1	173.054
2354	99	2	92.90638
2355	99	3	15.999
2356	99	4	15.999
2357	99	5	15.999
2358	99	6	15.999
2359	99	7	91.224
2360	99	8	92.90638
2361	99	9	15.999
2362	99	10	15.999
2363	99	11	15.999
2364	99	12	15.999
2365	99	13	91.224
2366	99	14	91.224
2367	99	15	15.999
2368	99	16	15.999
2369	99	17	15.999
2370	99	18	15.999
2371	99	19	92.90638
2372	99	20	91.224
2373	99	21	15.999
2374	99	22	15.999
2375	99	23	15.999
2376	99	24	15.999
2377	100	1	91.224
2378	100	2	91.224
2379	100	3	15.999
2380	100	4	15.999
2381	100	5	15.999
2382	100	6	15.999
2383	100	7	91.224
2384	100	8	92.90638
2385	100	9	15.999
2386	100	10	15.999
2387	100	11	15.999
2388	100	12	15.999
2389	100	13	91.224
2390	100	14	91.224
2391	100	15	15.999
2392	100	16	15.999
2393	100	17	15.999
2394	100	18	15.999
2395	100	19	92.90638
2396	100	20	91.224
2397	100	21	15.999
2398	100	22	15.999
2399	100	23	15.999
2400	100	24	15.999
2401	101	1	91.224
2402	101	2	91.224
2403	101	3	15.999
2404	101	4	15.999
2405	101	5	15.999
2406	101	6	15.999
2407	101	7	91.224
2408	101	8	91.224
2409	101	9	15.999
2410	101	10	15.999
2411	101	11	15.999
2412	101	12	15.999
2413	101	13	88.90585
2414	101	14	91.224
2415	101	15	15.999
2416	101	16	15.999
2417	101	17	15.999
2418	101	18	15.999
2419	101	19	91.224
2420	101	20	91.224
2421	101	21	15.999
2422	101	22	15.999
2423	101	23	15.999
2424	101	24	15.999
2425	102	1	91.224
2426	102	2	91.224
2427	102	3	15.999
2428	102	4	15.999
2429	102	5	15.999
2430	102	6	15.999
2431	102	7	91.224
2432	102	8	173.054
2433	102	9	15.999
2434	102	10	15.999
2435	102	11	15.999
2436	102	12	15.999
2437	102	13	91.224
2438	102	14	91.224
2439	102	15	15.999
2440	102	16	15.999
2441	102	17	15.999
2442	102	18	15.999
2443	102	19	91.224
2444	102	20	91.224
2445	102	21	15.999
2446	102	22	15.999
2447	102	23	15.999
2448	102	24	15.999
2449	103	1	88.90585
2450	103	2	91.224
2451	103	3	15.999
2452	103	4	15.999
2453	103	5	15.999
2454	103	6	15.999
2455	103	7	91.224
2456	103	8	180.94788
2457	103	9	15.999
2458	103	10	15.999
2459	103	11	15.999
2460	103	12	15.999
2461	103	13	91.224
2462	103	14	91.224
2463	103	15	15.999
2464	103	16	15.999
2465	103	17	15.999
2466	103	18	15.999
2467	103	19	173.054
2468	103	20	91.224
2469	103	21	15.999
2470	103	22	15.999
2471	103	23	15.999
2472	103	24	15.999
2473	104	1	91.224
2474	104	2	88.90585
2475	104	3	15.999
2476	104	4	15.999
2477	104	5	15.999
2478	104	6	15.999
2479	104	7	91.224
2480	104	8	88.90585
2481	104	9	15.999
2482	104	10	15.999
2483	104	11	15.999
2484	104	12	15.999
2485	104	13	91.224
2486	104	14	88.90585
2487	104	15	15.999
2488	104	16	15.999
2489	104	17	15.999
2490	104	18	15.999
2491	104	19	91.224
2492	104	20	88.90585
2493	104	21	15.999
2494	104	22	15.999
2495	104	23	15.999
2496	104	24	15.999
2497	105	1	91.224
2498	105	2	180.94788
2499	105	3	15.999
2500	105	4	15.999
2501	105	5	15.999
2502	105	6	15.999
2503	105	7	88.90585
2504	105	8	88.90585
2505	105	9	15.999
2506	105	10	15.999
2507	105	11	15.999
2508	105	12	15.999
2509	105	13	91.224
2510	105	14	88.90585
2511	105	15	15.999
2512	105	16	15.999
2513	105	17	15.999
2514	105	18	15.999
2515	105	19	88.90585
2516	105	20	91.224
2517	105	21	15.999
2518	105	22	15.999
2519	105	23	15.999
2520	105	24	15.999
2521	106	1	91.224
2522	106	2	91.224
2523	106	3	15.999
2524	106	4	15.999
2525	106	5	15.999
2526	106	6	15.999
2527	106	7	91.224
2528	106	8	91.224
2529	106	9	15.999
2530	106	10	15.999
2531	106	11	15.999
2532	106	12	15.999
2533	106	13	91.224
2534	106	14	91.224
2535	106	15	15.999
2536	106	16	15.999
2537	106	17	15.999
2538	106	18	15.999
2539	106	19	180.94788
2540	106	20	91.224
2541	106	21	15.999
2542	106	22	15.999
2543	106	23	15.999
2544	106	24	15.999
2545	107	1	180.94788
2546	107	2	91.224
2547	107	3	15.999
2548	107	4	15.999
2549	107	5	15.999
2550	107	6	15.999
2551	107	7	91.224
2552	107	8	91.224
2553	107	9	15.999
2554	107	10	15.999
2555	107	11	15.999
2556	107	12	15.999
2557	107	13	91.224
2558	107	14	180.94788
2559	107	15	15.999
2560	107	16	15.999
2561	107	17	15.999
2562	107	18	15.999
2563	107	19	91.224
2564	107	20	91.224
2565	107	21	15.999
2566	107	22	15.999
2567	107	23	15.999
2568	107	24	15.999
2569	108	1	91.224
2570	108	2	91.224
2571	108	3	15.999
2572	108	4	15.999
2573	108	5	15.999
2574	108	6	15.999
2575	108	7	91.224
2576	108	8	91.224
2577	108	9	15.999
2578	108	10	15.999
2579	108	11	15.999
2580	108	12	15.999
2581	108	13	91.224
2582	108	14	91.224
2583	108	15	15.999
2584	108	16	15.999
2585	108	17	15.999
2586	108	18	15.999
2587	108	19	91.224
2588	108	20	91.224
2589	108	21	15.999
2590	108	22	15.999
2591	108	23	15.999
2592	108	24	15.999
2593	109	1	91.224
2594	109	2	91.224
2595	109	3	15.999
2596	109	4	15.999
2597	109	5	15.999
2598	109	6	15.999
2599	109	7	91.224
2600	109	8	91.224
2601	109	9	15.999
2602	109	10	15.999
2603	109	11	15.999
2604	109	12	15.999
2605	109	13	91.224
2606	109	14	91.224
2607	109	15	15.999
2608	109	16	15.999
2609	109	17	15.999
2610	109	18	15.999
2611	109	19	91.224
2612	109	20	173.054
2613	109	21	15.999
2614	109	22	15.999
2615	109	23	15.999
2616	109	24	15.999
2617	110	1	91.224
2618	110	2	91.224
2619	110	3	15.999
2620	110	4	15.999
2621	110	5	15.999
2622	110	6	15.999
2623	110	7	173.054
2624	110	8	173.054
2625	110	9	15.999
2626	110	10	15.999
2627	110	11	15.999
2628	110	12	15.999
2629	110	13	180.94788
2630	110	14	91.224
2631	110	15	15.999
2632	110	16	15.999
2633	110	17	15.999
2634	110	18	15.999
2635	110	19	173.054
2636	110	20	91.224
2637	110	21	15.999
2638	110	22	15.999
2639	110	23	15.999
2640	110	24	15.999
2641	111	1	91.224
2642	111	2	91.224
2643	111	3	15.999
2644	111	4	15.999
2645	111	5	15.999
2646	111	6	15.999
2647	111	7	91.224
2648	111	8	91.224
2649	111	9	15.999
2650	111	10	15.999
2651	111	11	15.999
2652	111	12	15.999
2653	111	13	91.224
2654	111	14	91.224
2655	111	15	15.999
2656	111	16	15.999
2657	111	17	15.999
2658	111	18	15.999
2659	111	19	91.224
2660	111	20	91.224
2661	111	21	15.999
2662	111	22	15.999
2663	111	23	15.999
2664	111	24	15.999
2665	112	1	91.224
2666	112	2	91.224
2667	112	3	15.999
2668	112	4	15.999
2669	112	5	15.999
2670	112	6	15.999
2671	112	7	91.224
2672	112	8	91.224
2673	112	9	15.999
2674	112	10	15.999
2675	112	11	15.999
2676	112	12	15.999
2677	112	13	91.224
2678	112	14	91.224
2679	112	15	15.999
2680	112	16	15.999
2681	112	17	15.999
2682	112	18	15.999
2683	112	19	91.224
2684	112	20	91.224
2685	112	21	15.999
2686	112	22	15.999
2687	112	23	15.999
2688	112	24	15.999
2689	113	1	173.054
2690	113	2	91.224
2691	113	3	15.999
2692	113	4	15.999
2693	113	5	15.999
2694	113	6	15.999
2695	113	7	173.054
2696	113	8	173.054
2697	113	9	15.999
2698	113	10	15.999
2699	113	11	15.999
2700	113	12	15.999
2701	113	13	91.224
2702	113	14	180.94788
2703	113	15	15.999
2704	113	16	15.999
2705	113	17	15.999
2706	113	18	15.999
2707	113	19	91.224
2708	113	20	91.224
2709	113	21	15.999
2710	113	22	15.999
2711	113	23	15.999
2712	113	24	15.999
2713	114	1	173.054
2714	114	2	91.224
2715	114	3	15.999
2716	114	4	15.999
2717	114	5	15.999
2718	114	6	15.999
2719	114	7	173.054
2720	114	8	173.054
2721	114	9	15.999
2722	114	10	15.999
2723	114	11	15.999
2724	114	12	15.999
2725	114	13	91.224
2726	114	14	91.224
2727	114	15	15.999
2728	114	16	15.999
2729	114	17	15.999
2730	114	18	15.999
2731	114	19	91.224
2732	114	20	91.224
2733	114	21	15.999
2734	114	22	15.999
2735	114	23	15.999
2736	114	24	15.999
2737	115	1	91.224
2738	115	2	91.224
2739	115	3	15.999
2740	115	4	15.999
2741	115	5	15.999
2742	115	6	15.999
2743	115	7	91.224
2744	115	8	91.224
2745	115	9	15.999
2746	115	10	15.999
2747	115	11	15.999
2748	115	12	15.999
2749	115	13	91.224
2750	115	14	91.224
2751	115	15	15.999
2752	115	16	15.999
2753	115	17	15.999
2754	115	18	15.999
2755	115	19	91.224
2756	115	20	91.224
2757	115	21	15.999
2758	115	22	15.999
2759	115	23	15.999
2760	115	24	15.999
2761	116	1	91.224
2762	116	2	91.224
2763	116	3	15.999
2764	116	4	15.999
2765	116	5	15.999
2766	116	6	15.999
2767	116	7	91.224
2768	116	8	91.224
2769	116	9	15.999
2770	116	10	15.999
2771	116	11	15.999
2772	116	12	15.999
2773	116	13	91.224
2774	116	14	91.224
2775	116	15	15.999
2776	116	16	15.999
2777	116	17	15.999
2778	116	18	15.999
2779	116	19	91.224
2780	116	20	91.224
2781	116	21	15.999
2782	116	22	15.999
2783	116	23	15.999
2784	116	24	15.999
2785	117	1	91.224
2786	117	2	91.224
2787	117	3	15.999
2788	117	4	15.999
2789	117	5	15.999
2790	117	6	15.999
2791	117	7	173.054
2792	117	8	91.224
2793	117	9	15.999
2794	117	10	15.999
2795	117	11	15.999
2796	117	12	15.999
2797	117	13	91.224
2798	117	14	91.224
2799	117	15	15.999
2800	117	16	15.999
2801	117	17	15.999
2802	117	18	15.999
2803	117	19	173.054
2804	117	20	91.224
2805	117	21	15.999
2806	117	22	15.999
2807	117	23	15.999
2808	117	24	15.999
2809	118	1	91.224
2810	118	2	91.224
2811	118	3	15.999
2812	118	4	15.999
2813	118	5	15.999
2814	118	6	15.999
2815	118	7	173.054
2816	118	8	91.224
2817	118	9	15.999
2818	118	10	15.999
2819	118	11	15.999
2820	118	12	15.999
2821	118	13	180.94788
2822	118	14	180.94788
2823	118	15	15.999
2824	118	16	15.999
2825	118	17	15.999
2826	118	18	15.999
2827	118	19	180.94788
2828	118	20	91.224
2829	118	21	15.999
2830	118	22	15.999
2831	118	23	15.999
2832	118	24	15.999
2833	119	1	91.224
2834	119	2	91.224
2835	119	3	15.999
2836	119	4	15.999
2837	119	5	15.999
2838	119	6	15.999
2839	119	7	91.224
2840	119	8	91.224
2841	119	9	15.999
2842	119	10	15.999
2843	119	11	15.999
2844	119	12	15.999
2845	119	13	91.224
2846	119	14	91.224
2847	119	15	15.999
2848	119	16	15.999
2849	119	17	15.999
2850	119	18	15.999
2851	119	19	91.224
2852	119	20	91.224
2853	119	21	15.999
2854	119	22	15.999
2855	119	23	15.999
2856	119	24	15.999
2857	120	1	91.224
2858	120	2	91.224
2859	120	3	15.999
2860	120	4	15.999
2861	120	5	15.999
2862	120	6	15.999
2863	120	7	91.224
2864	120	8	91.224
2865	120	9	15.999
2866	120	10	15.999
2867	120	11	15.999
2868	120	12	15.999
2869	120	13	91.224
2870	120	14	91.224
2871	120	15	15.999
2872	120	16	15.999
2873	120	17	15.999
2874	120	18	15.999
2875	120	19	91.224
2876	120	20	91.224
2877	120	21	15.999
2878	120	22	15.999
2879	120	23	15.999
2880	120	24	15.999
2881	121	1	91.224
2882	121	2	91.224
2883	121	3	15.999
2884	121	4	15.999
2885	121	5	15.999
2886	121	6	15.999
2887	121	7	91.224
2888	121	8	180.94788
2889	121	9	15.999
2890	121	10	15.999
2891	121	11	15.999
2892	121	12	15.999
2893	121	13	91.224
2894	121	14	91.224
2895	121	15	15.999
2896	121	16	15.999
2897	121	17	15.999
2898	121	18	15.999
2899	121	19	91.224
2900	121	20	91.224
2901	121	21	15.999
2902	121	22	15.999
2903	121	23	15.999
2904	121	24	15.999
2905	122	1	91.224
2906	122	2	180.94788
2907	122	3	15.999
2908	122	4	15.999
2909	122	5	15.999
2910	122	6	15.999
2911	122	7	91.224
2912	122	8	88.90585
2913	122	9	15.999
2914	122	10	15.999
2915	122	11	15.999
2916	122	12	15.999
2917	122	13	91.224
2918	122	14	91.224
2919	122	15	15.999
2920	122	16	15.999
2921	122	17	15.999
2922	122	18	15.999
2923	122	19	91.224
2924	122	20	91.224
2925	122	21	15.999
2926	122	22	15.999
2927	122	23	15.999
2928	122	24	15.999
2929	123	1	91.224
2930	123	2	91.224
2931	123	3	15.999
2932	123	4	15.999
2933	123	5	15.999
2934	123	6	15.999
2935	123	7	180.94788
2936	123	8	180.94788
2937	123	9	15.999
2938	123	10	15.999
2939	123	11	15.999
2940	123	12	15.999
2941	123	13	91.224
2942	123	14	91.224
2943	123	15	15.999
2944	123	16	15.999
2945	123	17	15.999
2946	123	18	15.999
2947	123	19	88.90585
2948	123	20	91.224
2949	123	21	15.999
2950	123	22	15.999
2951	123	23	15.999
2952	123	24	15.999
2953	124	1	91.224
2954	124	2	91.224
2955	124	3	15.999
2956	124	4	15.999
2957	124	5	15.999
2958	124	6	15.999
2959	124	7	91.224
2960	124	8	91.224
2961	124	9	15.999
2962	124	10	15.999
2963	124	11	15.999
2964	124	12	15.999
2965	124	13	91.224
2966	124	14	91.224
2967	124	15	15.999
2968	124	16	15.999
2969	124	17	15.999
2970	124	18	15.999
2971	124	19	91.224
2972	124	20	91.224
2973	124	21	15.999
2974	124	22	15.999
2975	124	23	15.999
2976	124	24	15.999
2977	125	1	91.224
2978	125	2	91.224
2979	125	3	15.999
2980	125	4	15.999
2981	125	5	15.999
2982	125	6	15.999
2983	125	7	91.224
2984	125	8	91.224
2985	125	9	15.999
2986	125	10	15.999
2987	125	11	15.999
2988	125	12	15.999
2989	125	13	91.224
2990	125	14	91.224
2991	125	15	15.999
2992	125	16	15.999
2993	125	17	15.999
2994	125	18	15.999
2995	125	19	91.224
2996	125	20	91.224
2997	125	21	15.999
2998	125	22	15.999
2999	125	23	15.999
3000	125	24	15.999
3001	126	1	91.224
3002	126	2	91.224
3003	126	3	15.999
3004	126	4	15.999
3005	126	5	15.999
3006	126	6	15.999
3007	126	7	91.224
3008	126	8	91.224
3009	126	9	15.999
3010	126	10	15.999
3011	126	11	15.999
3012	126	12	15.999
3013	126	13	91.224
3014	126	14	91.224
3015	126	15	15.999
3016	126	16	15.999
3017	126	17	15.999
3018	126	18	15.999
3019	126	19	91.224
3020	126	20	180.94788
3021	126	21	15.999
3022	126	22	15.999
3023	126	23	15.999
3024	126	24	15.999
3025	127	1	91.224
3026	127	2	91.224
3027	127	3	15.999
3028	127	4	15.999
3029	127	5	15.999
3030	127	6	15.999
3031	127	7	88.90585
3032	127	8	91.224
3033	127	9	15.999
3034	127	10	15.999
3035	127	11	15.999
3036	127	12	15.999
3037	127	13	88.90585
3038	127	14	92.90638
3039	127	15	15.999
3040	127	16	15.999
3041	127	17	15.999
3042	127	18	15.999
3043	127	19	91.224
3044	127	20	92.90638
3045	127	21	15.999
3046	127	22	15.999
3047	127	23	15.999
3048	127	24	15.999
3049	128	1	92.90638
3050	128	2	92.90638
3051	128	3	15.999
3052	128	4	15.999
3053	128	5	15.999
3054	128	6	15.999
3055	128	7	92.90638
3056	128	8	92.90638
3057	128	9	15.999
3058	128	10	15.999
3059	128	11	15.999
3060	128	12	15.999
3061	128	13	91.224
3062	128	14	92.90638
3063	128	15	15.999
3064	128	16	15.999
3065	128	17	15.999
3066	128	18	15.999
3067	128	19	180.94788
3068	128	20	92.90638
3069	128	21	15.999
3070	128	22	15.999
3071	128	23	15.999
3072	128	24	15.999
3073	129	1	88.90585
3074	129	2	88.90585
3075	129	3	15.999
3076	129	4	15.999
3077	129	5	15.999
3078	129	6	15.999
3079	129	7	180.94788
3080	129	8	91.224
3081	129	9	15.999
3082	129	10	15.999
3083	129	11	15.999
3084	129	12	15.999
3085	129	13	88.90585
3086	129	14	173.054
3087	129	15	15.999
3088	129	16	15.999
3089	129	17	15.999
3090	129	18	15.999
3091	129	19	88.90585
3092	129	20	91.224
3093	129	21	15.999
3094	129	22	15.999
3095	129	23	15.999
3096	129	24	15.999
3097	130	1	88.90585
3098	130	2	91.224
3099	130	3	15.999
3100	130	4	15.999
3101	130	5	15.999
3102	130	6	15.999
3103	130	7	91.224
3104	130	8	91.224
3105	130	9	15.999
3106	130	10	15.999
3107	130	11	15.999
3108	130	12	15.999
3109	130	13	91.224
3110	130	14	180.94788
3111	130	15	15.999
3112	130	16	15.999
3113	130	17	15.999
3114	130	18	15.999
3115	130	19	91.224
3116	130	20	91.224
3117	130	21	15.999
3118	130	22	15.999
3119	130	23	15.999
3120	130	24	15.999
3121	131	1	92.90638
3122	131	2	91.224
3123	131	3	15.999
3124	131	4	15.999
3125	131	5	15.999
3126	131	6	15.999
3127	131	7	92.90638
3128	131	8	91.224
3129	131	9	15.999
3130	131	10	15.999
3131	131	11	15.999
3132	131	12	15.999
3133	131	13	91.224
3134	131	14	91.224
3135	131	15	15.999
3136	131	16	15.999
3137	131	17	15.999
3138	131	18	15.999
3139	131	19	91.224
3140	131	20	91.224
3141	131	21	15.999
3142	131	22	15.999
3143	131	23	15.999
3144	131	24	15.999
3145	132	1	91.224
3146	132	2	91.224
3147	132	3	15.999
3148	132	4	15.999
3149	132	5	15.999
3150	132	6	15.999
3151	132	7	91.224
3152	132	8	91.224
3153	132	9	15.999
3154	132	10	15.999
3155	132	11	15.999
3156	132	12	15.999
3157	132	13	91.224
3158	132	14	91.224
3159	132	15	15.999
3160	132	16	15.999
3161	132	17	15.999
3162	132	18	15.999
3163	132	19	91.224
3164	132	20	91.224
3165	132	21	15.999
3166	132	22	15.999
3167	132	23	15.999
3168	132	24	15.999
3169	133	1	91.224
3170	133	2	91.224
3171	133	3	15.999
3172	133	4	15.999
3173	133	5	15.999
3174	133	6	15.999
3175	133	7	91.224
3176	133	8	91.224
3177	133	9	15.999
3178	133	10	15.999
3179	133	11	15.999
3180	133	12	15.999
3181	133	13	91.224
3182	133	14	91.224
3183	133	15	15.999
3184	133	16	15.999
3185	133	17	15.999
3186	133	18	15.999
3187	133	19	91.224
3188	133	20	91.224
3189	133	21	15.999
3190	133	22	15.999
3191	133	23	15.999
3192	133	24	15.999
3193	134	1	180.94788
3194	134	2	91.224
3195	134	3	15.999
3196	134	4	15.999
3197	134	5	15.999
3198	134	6	15.999
3199	134	7	91.224
3200	134	8	180.94788
3201	134	9	15.999
3202	134	10	15.999
3203	134	11	15.999
3204	134	12	15.999
3205	134	13	91.224
3206	134	14	91.224
3207	134	15	15.999
3208	134	16	15.999
3209	134	17	15.999
3210	134	18	15.999
3211	134	19	91.224
3212	134	20	180.94788
3213	134	21	15.999
3214	134	22	15.999
3215	134	23	15.999
3216	134	24	15.999
3217	135	1	91.224
3218	135	2	91.224
3219	135	3	15.999
3220	135	4	15.999
3221	135	5	15.999
3222	135	6	15.999
3223	135	7	91.224
3224	135	8	180.94788
3225	135	9	15.999
3226	135	10	15.999
3227	135	11	15.999
3228	135	12	15.999
3229	135	13	91.224
3230	135	14	91.224
3231	135	15	15.999
3232	135	16	15.999
3233	135	17	15.999
3234	135	18	15.999
3235	135	19	91.224
3236	135	20	91.224
3237	135	21	15.999
3238	135	22	15.999
3239	135	23	15.999
3240	135	24	15.999
3241	136	1	91.224
3242	136	2	91.224
3243	136	3	15.999
3244	136	4	15.999
3245	136	5	15.999
3246	136	6	15.999
3247	136	7	91.224
3248	136	8	91.224
3249	136	9	15.999
3250	136	10	15.999
3251	136	11	15.999
3252	136	12	15.999
3253	136	13	91.224
3254	136	14	91.224
3255	136	15	15.999
3256	136	16	15.999
3257	136	17	15.999
3258	136	18	15.999
3259	136	19	180.94788
3260	136	20	91.224
3261	136	21	15.999
3262	136	22	15.999
3263	136	23	15.999
3264	136	24	15.999
3265	137	1	91.224
3266	137	2	91.224
3267	137	3	15.999
3268	137	4	15.999
3269	137	5	15.999
3270	137	6	15.999
3271	137	7	180.94788
3272	137	8	91.224
3273	137	9	15.999
3274	137	10	15.999
3275	137	11	15.999
3276	137	12	15.999
3277	137	13	91.224
3278	137	14	91.224
3279	137	15	15.999
3280	137	16	15.999
3281	137	17	15.999
3282	137	18	15.999
3283	137	19	91.224
3284	137	20	91.224
3285	137	21	15.999
3286	137	22	15.999
3287	137	23	15.999
3288	137	24	15.999
3289	138	1	91.224
3290	138	2	91.224
3291	138	3	15.999
3292	138	4	15.999
3293	138	5	15.999
3294	138	6	15.999
3295	138	7	91.224
3296	138	8	91.224
3297	138	9	15.999
3298	138	10	15.999
3299	138	11	15.999
3300	138	12	15.999
3301	138	13	91.224
3302	138	14	91.224
3303	138	15	15.999
3304	138	16	15.999
3305	138	17	15.999
3306	138	18	15.999
3307	138	19	91.224
3308	138	20	91.224
3309	138	21	15.999
3310	138	22	15.999
3311	138	23	15.999
3312	138	24	15.999
3313	139	1	91.224
3314	139	2	92.90638
3315	139	3	15.999
3316	139	4	15.999
3317	139	5	15.999
3318	139	6	15.999
3319	139	7	91.224
3320	139	8	91.224
3321	139	9	15.999
3322	139	10	15.999
3323	139	11	15.999
3324	139	12	15.999
3325	139	13	88.90585
3326	139	14	88.90585
3327	139	15	15.999
3328	139	16	15.999
3329	139	17	15.999
3330	139	18	15.999
3331	139	19	91.224
3332	139	20	91.224
3333	139	21	15.999
3334	139	22	15.999
3335	139	23	15.999
3336	139	24	15.999
3337	140	1	91.224
3338	140	2	92.90638
3339	140	3	15.999
3340	140	4	15.999
3341	140	5	15.999
3342	140	6	15.999
3343	140	7	92.90638
3344	140	8	92.90638
3345	140	9	15.999
3346	140	10	15.999
3347	140	11	15.999
3348	140	12	15.999
3349	140	13	180.94788
3350	140	14	91.224
3351	140	15	15.999
3352	140	16	15.999
3353	140	17	15.999
3354	140	18	15.999
3355	140	19	180.94788
3356	140	20	88.90585
3357	140	21	15.999
3358	140	22	15.999
3359	140	23	15.999
3360	140	24	15.999
3361	141	1	92.90638
3362	141	2	92.90638
3363	141	3	15.999
3364	141	4	15.999
3365	141	5	15.999
3366	141	6	15.999
3367	141	7	88.90585
3368	141	8	92.90638
3369	141	9	15.999
3370	141	10	15.999
3371	141	11	15.999
3372	141	12	15.999
3373	141	13	92.90638
3374	141	14	92.90638
3375	141	15	15.999
3376	141	16	15.999
3377	141	17	15.999
3378	141	18	15.999
3379	141	19	92.90638
3380	141	20	92.90638
3381	141	21	15.999
3382	141	22	15.999
3383	141	23	15.999
3384	141	24	15.999
3385	142	1	92.90638
3386	142	2	88.90585
3387	142	3	15.999
3388	142	4	15.999
3389	142	5	15.999
3390	142	6	15.999
3391	142	7	92.90638
3392	142	8	88.90585
3393	142	9	15.999
3394	142	10	15.999
3395	142	11	15.999
3396	142	12	15.999
3397	142	13	91.224
3398	142	14	91.224
3399	142	15	15.999
3400	142	16	15.999
3401	142	17	15.999
3402	142	18	15.999
3403	142	19	92.90638
3404	142	20	88.90585
3405	142	21	15.999
3406	142	22	15.999
3407	142	23	15.999
3408	142	24	15.999
3409	143	1	91.224
3410	143	2	91.224
3411	143	3	15.999
3412	143	4	15.999
3413	143	5	15.999
3414	143	6	15.999
3415	143	7	91.224
3416	143	8	91.224
3417	143	9	15.999
3418	143	10	15.999
3419	143	11	15.999
3420	143	12	15.999
3421	143	13	91.224
3422	143	14	91.224
3423	143	15	15.999
3424	143	16	15.999
3425	143	17	15.999
3426	143	18	15.999
3427	143	19	91.224
3428	143	20	91.224
3429	143	21	15.999
3430	143	22	15.999
3431	143	23	15.999
3432	143	24	15.999
3433	144	1	91.224
3434	144	2	91.224
3435	144	3	15.999
3436	144	4	15.999
3437	144	5	15.999
3438	144	6	15.999
3439	144	7	173.054
3440	144	8	173.054
3441	144	9	15.999
3442	144	10	15.999
3443	144	11	15.999
3444	144	12	15.999
3445	144	13	91.224
3446	144	14	173.054
3447	144	15	15.999
3448	144	16	15.999
3449	144	17	15.999
3450	144	18	15.999
3451	144	19	91.224
3452	144	20	173.054
3453	144	21	15.999
3454	144	22	15.999
3455	144	23	15.999
3456	144	24	15.999
3457	145	1	91.224
3458	145	2	91.224
3459	145	3	15.999
3460	145	4	15.999
3461	145	5	15.999
3462	145	6	15.999
3463	145	7	173.054
3464	145	8	173.054
3465	145	9	15.999
3466	145	10	15.999
3467	145	11	15.999
3468	145	12	15.999
3469	145	13	173.054
3470	145	14	91.224
3471	145	15	15.999
3472	145	16	15.999
3473	145	17	15.999
3474	145	18	15.999
3475	145	19	91.224
3476	145	20	173.054
3477	145	21	15.999
3478	145	22	15.999
3479	145	23	15.999
3480	145	24	15.999
3481	146	1	91.224
3482	146	2	180.94788
3483	146	3	15.999
3484	146	4	15.999
3485	146	5	15.999
3486	146	6	15.999
3487	146	7	91.224
3488	146	8	91.224
3489	146	9	15.999
3490	146	10	15.999
3491	146	11	15.999
3492	146	12	15.999
3493	146	13	91.224
3494	146	14	91.224
3495	146	15	15.999
3496	146	16	15.999
3497	146	17	15.999
3498	146	18	15.999
3499	146	19	91.224
3500	146	20	91.224
3501	146	21	15.999
3502	146	22	15.999
3503	146	23	15.999
3504	146	24	15.999
3505	147	1	91.224
3506	147	2	92.90638
3507	147	3	15.999
3508	147	4	15.999
3509	147	5	15.999
3510	147	6	15.999
3511	147	7	180.94788
3512	147	8	92.90638
3513	147	9	15.999
3514	147	10	15.999
3515	147	11	15.999
3516	147	12	15.999
3517	147	13	91.224
3518	147	14	91.224
3519	147	15	15.999
3520	147	16	15.999
3521	147	17	15.999
3522	147	18	15.999
3523	147	19	91.224
3524	147	20	91.224
3525	147	21	15.999
3526	147	22	15.999
3527	147	23	15.999
3528	147	24	15.999
3529	148	1	92.90638
3530	148	2	92.90638
3531	148	3	15.999
3532	148	4	15.999
3533	148	5	15.999
3534	148	6	15.999
3535	148	7	92.90638
3536	148	8	88.90585
3537	148	9	15.999
3538	148	10	15.999
3539	148	11	15.999
3540	148	12	15.999
3541	148	13	91.224
3542	148	14	92.90638
3543	148	15	15.999
3544	148	16	15.999
3545	148	17	15.999
3546	148	18	15.999
3547	148	19	92.90638
3548	148	20	92.90638
3549	148	21	15.999
3550	148	22	15.999
3551	148	23	15.999
3552	148	24	15.999
3553	149	1	173.054
3554	149	2	92.90638
3555	149	3	15.999
3556	149	4	15.999
3557	149	5	15.999
3558	149	6	15.999
3559	149	7	88.90585
3560	149	8	173.054
3561	149	9	15.999
3562	149	10	15.999
3563	149	11	15.999
3564	149	12	15.999
3565	149	13	173.054
3566	149	14	92.90638
3567	149	15	15.999
3568	149	16	15.999
3569	149	17	15.999
3570	149	18	15.999
3571	149	19	88.90585
3572	149	20	92.90638
3573	149	21	15.999
3574	149	22	15.999
3575	149	23	15.999
3576	149	24	15.999
3577	150	1	92.90638
3578	150	2	173.054
3579	150	3	15.999
3580	150	4	15.999
3581	150	5	15.999
3582	150	6	15.999
3583	150	7	92.90638
3584	150	8	92.90638
3585	150	9	15.999
3586	150	10	15.999
3587	150	11	15.999
3588	150	12	15.999
3589	150	13	88.90585
3590	150	14	92.90638
3591	150	15	15.999
3592	150	16	15.999
3593	150	17	15.999
3594	150	18	15.999
3595	150	19	92.90638
3596	150	20	92.90638
3597	150	21	15.999
3598	150	22	15.999
3599	150	23	15.999
3600	150	24	15.999
3601	151	1	88.90585
3602	151	2	88.90585
3603	151	3	15.999
3604	151	4	15.999
3605	151	5	15.999
3606	151	6	15.999
3607	151	7	88.90585
3608	151	8	88.90585
3609	151	9	15.999
3610	151	10	15.999
3611	151	11	15.999
3612	151	12	15.999
3613	151	13	88.90585
3614	151	14	88.90585
3615	151	15	15.999
3616	151	16	15.999
3617	151	17	15.999
3618	151	18	15.999
3619	151	19	88.90585
3620	151	20	180.94788
3621	151	21	15.999
3622	151	22	15.999
3623	151	23	15.999
3624	151	24	15.999
3625	152	1	88.90585
3626	152	2	88.90585
3627	152	3	15.999
3628	152	4	15.999
3629	152	5	15.999
3630	152	6	15.999
3631	152	7	180.94788
3632	152	8	88.90585
3633	152	9	15.999
3634	152	10	15.999
3635	152	11	15.999
3636	152	12	15.999
3637	152	13	88.90585
3638	152	14	88.90585
3639	152	15	15.999
3640	152	16	15.999
3641	152	17	15.999
3642	152	18	15.999
3643	152	19	88.90585
3644	152	20	91.224
3645	152	21	15.999
3646	152	22	15.999
3647	152	23	15.999
3648	152	24	15.999
3649	153	1	88.90585
3650	153	2	180.94788
3651	153	3	15.999
3652	153	4	15.999
3653	153	5	15.999
3654	153	6	15.999
3655	153	7	88.90585
3656	153	8	91.224
3657	153	9	15.999
3658	153	10	15.999
3659	153	11	15.999
3660	153	12	15.999
3661	153	13	88.90585
3662	153	14	92.90638
3663	153	15	15.999
3664	153	16	15.999
3665	153	17	15.999
3666	153	18	15.999
3667	153	19	91.224
3668	153	20	92.90638
3669	153	21	15.999
3670	153	22	15.999
3671	153	23	15.999
3672	153	24	15.999
3673	154	1	92.90638
3674	154	2	91.224
3675	154	3	15.999
3676	154	4	15.999
3677	154	5	15.999
3678	154	6	15.999
3679	154	7	92.90638
3680	154	8	91.224
3681	154	9	15.999
3682	154	10	15.999
3683	154	11	15.999
3684	154	12	15.999
3685	154	13	91.224
3686	154	14	91.224
3687	154	15	15.999
3688	154	16	15.999
3689	154	17	15.999
3690	154	18	15.999
3691	154	19	91.224
3692	154	20	91.224
3693	154	21	15.999
3694	154	22	15.999
3695	154	23	15.999
3696	154	24	15.999
3697	155	1	91.224
3698	155	2	91.224
3699	155	3	15.999
3700	155	4	15.999
3701	155	5	15.999
3702	155	6	15.999
3703	155	7	173.054
3704	155	8	91.224
3705	155	9	15.999
3706	155	10	15.999
3707	155	11	15.999
3708	155	12	15.999
3709	155	13	91.224
3710	155	14	91.224
3711	155	15	15.999
3712	155	16	15.999
3713	155	17	15.999
3714	155	18	15.999
3715	155	19	91.224
3716	155	20	91.224
3717	155	21	15.999
3718	155	22	15.999
3719	155	23	15.999
3720	155	24	15.999
3721	156	1	173.054
3722	156	2	91.224
3723	156	3	15.999
3724	156	4	15.999
3725	156	5	15.999
3726	156	6	15.999
3727	156	7	173.054
3728	156	8	91.224
3729	156	9	15.999
3730	156	10	15.999
3731	156	11	15.999
3732	156	12	15.999
3733	156	13	91.224
3734	156	14	91.224
3735	156	15	15.999
3736	156	16	15.999
3737	156	17	15.999
3738	156	18	15.999
3739	156	19	91.224
3740	156	20	91.224
3741	156	21	15.999
3742	156	22	15.999
3743	156	23	15.999
3744	156	24	15.999
3745	157	1	91.224
3746	157	2	91.224
3747	157	3	15.999
3748	157	4	15.999
3749	157	5	15.999
3750	157	6	15.999
3751	157	7	91.224
3752	157	8	91.224
3753	157	9	15.999
3754	157	10	15.999
3755	157	11	15.999
3756	157	12	15.999
3757	157	13	91.224
3758	157	14	91.224
3759	157	15	15.999
3760	157	16	15.999
3761	157	17	15.999
3762	157	18	15.999
3763	157	19	91.224
3764	157	20	91.224
3765	157	21	15.999
3766	157	22	15.999
3767	157	23	15.999
3768	157	24	15.999
3769	158	1	91.224
3770	158	2	91.224
3771	158	3	15.999
3772	158	4	15.999
3773	158	5	15.999
3774	158	6	15.999
3775	158	7	91.224
3776	158	8	180.94788
3777	158	9	15.999
3778	158	10	15.999
3779	158	11	15.999
3780	158	12	15.999
3781	158	13	91.224
3782	158	14	91.224
3783	158	15	15.999
3784	158	16	15.999
3785	158	17	15.999
3786	158	18	15.999
3787	158	19	91.224
3788	158	20	91.224
3789	158	21	15.999
3790	158	22	15.999
3791	158	23	15.999
3792	158	24	15.999
3793	159	1	91.224
3794	159	2	91.224
3795	159	3	15.999
3796	159	4	15.999
3797	159	5	15.999
3798	159	6	15.999
3799	159	7	91.224
3800	159	8	91.224
3801	159	9	15.999
3802	159	10	15.999
3803	159	11	15.999
3804	159	12	15.999
3805	159	13	91.224
3806	159	14	91.224
3807	159	15	15.999
3808	159	16	15.999
3809	159	17	15.999
3810	159	18	15.999
3811	159	19	91.224
3812	159	20	180.94788
3813	159	21	15.999
3814	159	22	15.999
3815	159	23	15.999
3816	159	24	15.999
3817	160	1	91.224
3818	160	2	91.224
3819	160	3	15.999
3820	160	4	15.999
3821	160	5	15.999
3822	160	6	15.999
3823	160	7	91.224
3824	160	8	91.224
3825	160	9	15.999
3826	160	10	15.999
3827	160	11	15.999
3828	160	12	15.999
3829	160	13	91.224
3830	160	14	91.224
3831	160	15	15.999
3832	160	16	15.999
3833	160	17	15.999
3834	160	18	15.999
3835	160	19	91.224
3836	160	20	180.94788
3837	160	21	15.999
3838	160	22	15.999
3839	160	23	15.999
3840	160	24	15.999
3841	161	1	91.224
3842	161	2	180.94788
3843	161	3	15.999
3844	161	4	15.999
3845	161	5	15.999
3846	161	6	15.999
3847	161	7	91.224
3848	161	8	91.224
3849	161	9	15.999
3850	161	10	15.999
3851	161	11	15.999
3852	161	12	15.999
3853	161	13	91.224
3854	161	14	91.224
3855	161	15	15.999
3856	161	16	15.999
3857	161	17	15.999
3858	161	18	15.999
3859	161	19	91.224
3860	161	20	91.224
3861	161	21	15.999
3862	161	22	15.999
3863	161	23	15.999
3864	161	24	15.999
3865	162	1	180.94788
3866	162	2	91.224
3867	162	3	15.999
3868	162	4	15.999
3869	162	5	15.999
3870	162	6	15.999
3871	162	7	91.224
3872	162	8	91.224
3873	162	9	15.999
3874	162	10	15.999
3875	162	11	15.999
3876	162	12	15.999
3877	162	13	91.224
3878	162	14	91.224
3879	162	15	15.999
3880	162	16	15.999
3881	162	17	15.999
3882	162	18	15.999
3883	162	19	91.224
3884	162	20	91.224
3885	162	21	15.999
3886	162	22	15.999
3887	162	23	15.999
3888	162	24	15.999
3889	163	1	91.224
3890	163	2	173.054
3891	163	3	15.999
3892	163	4	15.999
3893	163	5	15.999
3894	163	6	15.999
3895	163	7	91.224
3896	163	8	173.054
3897	163	9	15.999
3898	163	10	15.999
3899	163	11	15.999
3900	163	12	15.999
3901	163	13	91.224
3902	163	14	173.054
3903	163	15	15.999
3904	163	16	15.999
3905	163	17	15.999
3906	163	18	15.999
3907	163	19	91.224
3908	163	20	91.224
3909	163	21	15.999
3910	163	22	15.999
3911	163	23	15.999
3912	163	24	15.999
3913	164	1	173.054
3914	164	2	180.94788
3915	164	3	15.999
3916	164	4	15.999
3917	164	5	15.999
3918	164	6	15.999
3919	164	7	91.224
3920	164	8	173.054
3921	164	9	15.999
3922	164	10	15.999
3923	164	11	15.999
3924	164	12	15.999
3925	164	13	91.224
3926	164	14	173.054
3927	164	15	15.999
3928	164	16	15.999
3929	164	17	15.999
3930	164	18	15.999
3931	164	19	173.054
3932	164	20	173.054
3933	164	21	15.999
3934	164	22	15.999
3935	164	23	15.999
3936	164	24	15.999
3937	165	1	173.054
3938	165	2	173.054
3939	165	3	15.999
3940	165	4	15.999
3941	165	5	15.999
3942	165	6	15.999
3943	165	7	173.054
3944	165	8	173.054
3945	165	9	15.999
3946	165	10	15.999
3947	165	11	15.999
3948	165	12	15.999
3949	165	13	173.054
3950	165	14	180.94788
3951	165	15	15.999
3952	165	16	15.999
3953	165	17	15.999
3954	165	18	15.999
3955	165	19	173.054
3956	165	20	173.054
3957	165	21	15.999
3958	165	22	15.999
3959	165	23	15.999
3960	165	24	15.999
3961	166	1	173.054
3962	166	2	91.224
3963	166	3	15.999
3964	166	4	15.999
3965	166	5	15.999
3966	166	6	15.999
3967	166	7	91.224
3968	166	8	180.94788
3969	166	9	15.999
3970	166	10	15.999
3971	166	11	15.999
3972	166	12	15.999
3973	166	13	91.224
3974	166	14	91.224
3975	166	15	15.999
3976	166	16	15.999
3977	166	17	15.999
3978	166	18	15.999
3979	166	19	173.054
3980	166	20	91.224
3981	166	21	15.999
3982	166	22	15.999
3983	166	23	15.999
3984	166	24	15.999
3985	167	1	91.224
3986	167	2	91.224
3987	167	3	15.999
3988	167	4	15.999
3989	167	5	15.999
3990	167	6	15.999
3991	167	7	91.224
3992	167	8	91.224
3993	167	9	15.999
3994	167	10	15.999
3995	167	11	15.999
3996	167	12	15.999
3997	167	13	91.224
3998	167	14	91.224
3999	167	15	15.999
4000	167	16	15.999
4001	167	17	15.999
4002	167	18	15.999
4003	167	19	91.224
4004	167	20	91.224
4005	167	21	15.999
4006	167	22	15.999
4007	167	23	15.999
4008	167	24	15.999
4009	168	1	91.224
4010	168	2	91.224
4011	168	3	15.999
4012	168	4	15.999
4013	168	5	15.999
4014	168	6	15.999
4015	168	7	91.224
4016	168	8	91.224
4017	168	9	15.999
4018	168	10	15.999
4019	168	11	15.999
4020	168	12	15.999
4021	168	13	91.224
4022	168	14	91.224
4023	168	15	15.999
4024	168	16	15.999
4025	168	17	15.999
4026	168	18	15.999
4027	168	19	91.224
4028	168	20	180.94788
4029	168	21	15.999
4030	168	22	15.999
4031	168	23	15.999
4032	168	24	15.999
4033	169	1	91.224
4034	169	2	91.224
4035	169	3	15.999
4036	169	4	15.999
4037	169	5	15.999
4038	169	6	15.999
4039	169	7	91.224
4040	169	8	180.94788
4041	169	9	15.999
4042	169	10	15.999
4043	169	11	15.999
4044	169	12	15.999
4045	169	13	91.224
4046	169	14	91.224
4047	169	15	15.999
4048	169	16	15.999
4049	169	17	15.999
4050	169	18	15.999
4051	169	19	91.224
4052	169	20	91.224
4053	169	21	15.999
4054	169	22	15.999
4055	169	23	15.999
4056	169	24	15.999
4057	170	1	91.224
4058	170	2	91.224
4059	170	3	15.999
4060	170	4	15.999
4061	170	5	15.999
4062	170	6	15.999
4063	170	7	180.94788
4064	170	8	91.224
4065	170	9	15.999
4066	170	10	15.999
4067	170	11	15.999
4068	170	12	15.999
4069	170	13	91.224
4070	170	14	91.224
4071	170	15	15.999
4072	170	16	15.999
4073	170	17	15.999
4074	170	18	15.999
4075	170	19	91.224
4076	170	20	91.224
4077	170	21	15.999
4078	170	22	15.999
4079	170	23	15.999
4080	170	24	15.999
4081	171	1	91.224
4082	171	2	91.224
4083	171	3	15.999
4084	171	4	15.999
4085	171	5	15.999
4086	171	6	15.999
4087	171	7	91.224
4088	171	8	91.224
4089	171	9	15.999
4090	171	10	15.999
4091	171	11	15.999
4092	171	12	15.999
4093	171	13	88.90585
4094	171	14	91.224
4095	171	15	15.999
4096	171	16	15.999
4097	171	17	15.999
4098	171	18	15.999
4099	171	19	91.224
4100	171	20	91.224
4101	171	21	15.999
4102	171	22	15.999
4103	171	23	15.999
4104	171	24	15.999
4105	172	1	91.224
4106	172	2	91.224
4107	172	3	15.999
4108	172	4	15.999
4109	172	5	15.999
4110	172	6	15.999
4111	172	7	91.224
4112	172	8	91.224
4113	172	9	15.999
4114	172	10	15.999
4115	172	11	15.999
4116	172	12	15.999
4117	172	13	88.90585
4118	172	14	91.224
4119	172	15	15.999
4120	172	16	15.999
4121	172	17	15.999
4122	172	18	15.999
4123	172	19	91.224
4124	172	20	91.224
4125	172	21	15.999
4126	172	22	15.999
4127	172	23	15.999
4128	172	24	15.999
4129	173	1	91.224
4130	173	2	91.224
4131	173	3	15.999
4132	173	4	15.999
4133	173	5	15.999
4134	173	6	15.999
4135	173	7	91.224
4136	173	8	91.224
4137	173	9	15.999
4138	173	10	15.999
4139	173	11	15.999
4140	173	12	15.999
4141	173	13	91.224
4142	173	14	91.224
4143	173	15	15.999
4144	173	16	15.999
4145	173	17	15.999
4146	173	18	15.999
4147	173	19	91.224
4148	173	20	91.224
4149	173	21	15.999
4150	173	22	15.999
4151	173	23	15.999
4152	173	24	15.999
4153	174	1	91.224
4154	174	2	91.224
4155	174	3	15.999
4156	174	4	15.999
4157	174	5	15.999
4158	174	6	15.999
4159	174	7	91.224
4160	174	8	91.224
4161	174	9	15.999
4162	174	10	15.999
4163	174	11	15.999
4164	174	12	15.999
4165	174	13	91.224
4166	174	14	91.224
4167	174	15	15.999
4168	174	16	15.999
4169	174	17	15.999
4170	174	18	15.999
4171	174	19	91.224
4172	174	20	91.224
4173	174	21	15.999
4174	174	22	15.999
4175	174	23	15.999
4176	174	24	15.999
4177	175	1	92.90638
4178	175	2	92.90638
4179	175	3	15.999
4180	175	4	15.999
4181	175	5	15.999
4182	175	6	15.999
4183	175	7	91.224
4184	175	8	88.90585
4185	175	9	15.999
4186	175	10	15.999
4187	175	11	15.999
4188	175	12	15.999
4189	175	13	88.90585
4190	175	14	88.90585
4191	175	15	15.999
4192	175	16	15.999
4193	175	17	15.999
4194	175	18	15.999
4195	175	19	91.224
4196	175	20	91.224
4197	175	21	15.999
4198	175	22	15.999
4199	175	23	15.999
4200	175	24	15.999
4201	176	1	92.90638
4202	176	2	88.90585
4203	176	3	15.999
4204	176	4	15.999
4205	176	5	15.999
4206	176	6	15.999
4207	176	7	88.90585
4208	176	8	91.224
4209	176	9	15.999
4210	176	10	15.999
4211	176	11	15.999
4212	176	12	15.999
4213	176	13	91.224
4214	176	14	88.90585
4215	176	15	15.999
4216	176	16	15.999
4217	176	17	15.999
4218	176	18	15.999
4219	176	19	91.224
4220	176	20	88.90585
4221	176	21	15.999
4222	176	22	15.999
4223	176	23	15.999
4224	176	24	15.999
4225	177	1	88.90585
4226	177	2	91.224
4227	177	3	15.999
4228	177	4	15.999
4229	177	5	15.999
4230	177	6	15.999
4231	177	7	88.90585
4232	177	8	91.224
4233	177	9	15.999
4234	177	10	15.999
4235	177	11	15.999
4236	177	12	15.999
4237	177	13	91.224
4238	177	14	91.224
4239	177	15	15.999
4240	177	16	15.999
4241	177	17	15.999
4242	177	18	15.999
4243	177	19	91.224
4244	177	20	91.224
4245	177	21	15.999
4246	177	22	15.999
4247	177	23	15.999
4248	177	24	15.999
4249	178	1	91.224
4250	178	2	91.224
4251	178	3	15.999
4252	178	4	15.999
4253	178	5	15.999
4254	178	6	15.999
4255	178	7	91.224
4256	178	8	180.94788
4257	178	9	15.999
4258	178	10	15.999
4259	178	11	15.999
4260	178	12	15.999
4261	178	13	180.94788
4262	178	14	91.224
4263	178	15	15.999
4264	178	16	15.999
4265	178	17	15.999
4266	178	18	15.999
4267	178	19	91.224
4268	178	20	91.224
4269	178	21	15.999
4270	178	22	15.999
4271	178	23	15.999
4272	178	24	15.999
4273	179	1	91.224
4274	179	2	173.054
4275	179	3	15.999
4276	179	4	15.999
4277	179	5	15.999
4278	179	6	15.999
4279	179	7	173.054
4280	179	8	91.224
4281	179	9	15.999
4282	179	10	15.999
4283	179	11	15.999
4284	179	12	15.999
4285	179	13	91.224
4286	179	14	180.94788
4287	179	15	15.999
4288	179	16	15.999
4289	179	17	15.999
4290	179	18	15.999
4291	179	19	91.224
4292	179	20	173.054
4293	179	21	15.999
4294	179	22	15.999
4295	179	23	15.999
4296	179	24	15.999
4297	180	1	173.054
4298	180	2	91.224
4299	180	3	15.999
4300	180	4	15.999
4301	180	5	15.999
4302	180	6	15.999
4303	180	7	91.224
4304	180	8	180.94788
4305	180	9	15.999
4306	180	10	15.999
4307	180	11	15.999
4308	180	12	15.999
4309	180	13	91.224
4310	180	14	173.054
4311	180	15	15.999
4312	180	16	15.999
4313	180	17	15.999
4314	180	18	15.999
4315	180	19	91.224
4316	180	20	91.224
4317	180	21	15.999
4318	180	22	15.999
4319	180	23	15.999
4320	180	24	15.999
4321	181	1	173.054
4322	181	2	91.224
4323	181	3	15.999
4324	181	4	15.999
4325	181	5	15.999
4326	181	6	15.999
4327	181	7	173.054
4328	181	8	91.224
4329	181	9	15.999
4330	181	10	15.999
4331	181	11	15.999
4332	181	12	15.999
4333	181	13	173.054
4334	181	14	173.054
4335	181	15	15.999
4336	181	16	15.999
4337	181	17	15.999
4338	181	18	15.999
4339	181	19	180.94788
4340	181	20	173.054
4341	181	21	15.999
4342	181	22	15.999
4343	181	23	15.999
4344	181	24	15.999
4345	182	1	173.054
4346	182	2	180.94788
4347	182	3	15.999
4348	182	4	15.999
4349	182	5	15.999
4350	182	6	15.999
4351	182	7	91.224
4352	182	8	91.224
4353	182	9	15.999
4354	182	10	15.999
4355	182	11	15.999
4356	182	12	15.999
4357	182	13	91.224
4358	182	14	91.224
4359	182	15	15.999
4360	182	16	15.999
4361	182	17	15.999
4362	182	18	15.999
4363	182	19	91.224
4364	182	20	173.054
4365	182	21	15.999
4366	182	22	15.999
4367	182	23	15.999
4368	182	24	15.999
4369	183	1	91.224
4370	183	2	91.224
4371	183	3	15.999
4372	183	4	15.999
4373	183	5	15.999
4374	183	6	15.999
4375	183	7	173.054
4376	183	8	91.224
4377	183	9	15.999
4378	183	10	15.999
4379	183	11	15.999
4380	183	12	15.999
4381	183	13	91.224
4382	183	14	173.054
4383	183	15	15.999
4384	183	16	15.999
4385	183	17	15.999
4386	183	18	15.999
4387	183	19	91.224
4388	183	20	91.224
4389	183	21	15.999
4390	183	22	15.999
4391	183	23	15.999
4392	183	24	15.999
4393	184	1	91.224
4394	184	2	91.224
4395	184	3	15.999
4396	184	4	15.999
4397	184	5	15.999
4398	184	6	15.999
4399	184	7	91.224
4400	184	8	91.224
4401	184	9	15.999
4402	184	10	15.999
4403	184	11	15.999
4404	184	12	15.999
4405	184	13	91.224
4406	184	14	91.224
4407	184	15	15.999
4408	184	16	15.999
4409	184	17	15.999
4410	184	18	15.999
4411	184	19	91.224
4412	184	20	91.224
4413	184	21	15.999
4414	184	22	15.999
4415	184	23	15.999
4416	184	24	15.999
4417	185	1	91.224
4418	185	2	91.224
4419	185	3	15.999
4420	185	4	15.999
4421	185	5	15.999
4422	185	6	15.999
4423	185	7	91.224
4424	185	8	91.224
4425	185	9	15.999
4426	185	10	15.999
4427	185	11	15.999
4428	185	12	15.999
4429	185	13	91.224
4430	185	14	91.224
4431	185	15	15.999
4432	185	16	15.999
4433	185	17	15.999
4434	185	18	15.999
4435	185	19	91.224
4436	185	20	180.94788
4437	185	21	15.999
4438	185	22	15.999
4439	185	23	15.999
4440	185	24	15.999
4441	186	1	91.224
4442	186	2	91.224
4443	186	3	15.999
4444	186	4	15.999
4445	186	5	15.999
4446	186	6	15.999
4447	186	7	91.224
4448	186	8	91.224
4449	186	9	15.999
4450	186	10	15.999
4451	186	11	15.999
4452	186	12	15.999
4453	186	13	91.224
4454	186	14	91.224
4455	186	15	15.999
4456	186	16	15.999
4457	186	17	15.999
4458	186	18	15.999
4459	186	19	91.224
4460	186	20	91.224
4461	186	21	15.999
4462	186	22	15.999
4463	186	23	15.999
4464	186	24	15.999
4465	187	1	91.224
4466	187	2	91.224
4467	187	3	15.999
4468	187	4	15.999
4469	187	5	15.999
4470	187	6	15.999
4471	187	7	91.224
4472	187	8	91.224
4473	187	9	15.999
4474	187	10	15.999
4475	187	11	15.999
4476	187	12	15.999
4477	187	13	91.224
4478	187	14	91.224
4479	187	15	15.999
4480	187	16	15.999
4481	187	17	15.999
4482	187	18	15.999
4483	187	19	91.224
4484	187	20	91.224
4485	187	21	15.999
4486	187	22	15.999
4487	187	23	15.999
4488	187	24	15.999
4489	188	1	91.224
4490	188	2	91.224
4491	188	3	15.999
4492	188	4	15.999
4493	188	5	15.999
4494	188	6	15.999
4495	188	7	91.224
4496	188	8	91.224
4497	188	9	15.999
4498	188	10	15.999
4499	188	11	15.999
4500	188	12	15.999
4501	188	13	91.224
4502	188	14	91.224
4503	188	15	15.999
4504	188	16	15.999
4505	188	17	15.999
4506	188	18	15.999
4507	188	19	91.224
4508	188	20	91.224
4509	188	21	15.999
4510	188	22	15.999
4511	188	23	15.999
4512	188	24	15.999
4513	189	1	91.224
4514	189	2	173.054
4515	189	3	15.999
4516	189	4	15.999
4517	189	5	15.999
4518	189	6	15.999
4519	189	7	91.224
4520	189	8	91.224
4521	189	9	15.999
4522	189	10	15.999
4523	189	11	15.999
4524	189	12	15.999
4525	189	13	91.224
4526	189	14	91.224
4527	189	15	15.999
4528	189	16	15.999
4529	189	17	15.999
4530	189	18	15.999
4531	189	19	91.224
4532	189	20	91.224
4533	189	21	15.999
4534	189	22	15.999
4535	189	23	15.999
4536	189	24	15.999
4537	190	1	91.224
4538	190	2	91.224
4539	190	3	15.999
4540	190	4	15.999
4541	190	5	15.999
4542	190	6	15.999
4543	190	7	91.224
4544	190	8	91.224
4545	190	9	15.999
4546	190	10	15.999
4547	190	11	15.999
4548	190	12	15.999
4549	190	13	91.224
4550	190	14	91.224
4551	190	15	15.999
4552	190	16	15.999
4553	190	17	15.999
4554	190	18	15.999
4555	190	19	91.224
4556	190	20	91.224
4557	190	21	15.999
4558	190	22	15.999
4559	190	23	15.999
4560	190	24	15.999
4561	191	1	91.224
4562	191	2	180.94788
4563	191	3	15.999
4564	191	4	15.999
4565	191	5	15.999
4566	191	6	15.999
4567	191	7	91.224
4568	191	8	91.224
4569	191	9	15.999
4570	191	10	15.999
4571	191	11	15.999
4572	191	12	15.999
4573	191	13	91.224
4574	191	14	91.224
4575	191	15	15.999
4576	191	16	15.999
4577	191	17	15.999
4578	191	18	15.999
4579	191	19	91.224
4580	191	20	91.224
4581	191	21	15.999
4582	191	22	15.999
4583	191	23	15.999
4584	191	24	15.999
4585	192	1	91.224
4586	192	2	91.224
4587	192	3	15.999
4588	192	4	15.999
4589	192	5	15.999
4590	192	6	15.999
4591	192	7	91.224
4592	192	8	180.94788
4593	192	9	15.999
4594	192	10	15.999
4595	192	11	15.999
4596	192	12	15.999
4597	192	13	91.224
4598	192	14	91.224
4599	192	15	15.999
4600	192	16	15.999
4601	192	17	15.999
4602	192	18	15.999
4603	192	19	91.224
4604	192	20	91.224
4605	192	21	15.999
4606	192	22	15.999
4607	192	23	15.999
4608	192	24	15.999
4609	193	1	88.90585
4610	193	2	88.90585
4611	193	3	15.999
4612	193	4	15.999
4613	193	5	15.999
4614	193	6	15.999
4615	193	7	91.224
4616	193	8	91.224
4617	193	9	15.999
4618	193	10	15.999
4619	193	11	15.999
4620	193	12	15.999
4621	193	13	88.90585
4622	193	14	91.224
4623	193	15	15.999
4624	193	16	15.999
4625	193	17	15.999
4626	193	18	15.999
4627	193	19	91.224
4628	193	20	91.224
4629	193	21	15.999
4630	193	22	15.999
4631	193	23	15.999
4632	193	24	15.999
4633	194	1	180.94788
4634	194	2	92.90638
4635	194	3	15.999
4636	194	4	15.999
4637	194	5	15.999
4638	194	6	15.999
4639	194	7	180.94788
4640	194	8	91.224
4641	194	9	15.999
4642	194	10	15.999
4643	194	11	15.999
4644	194	12	15.999
4645	194	13	88.90585
4646	194	14	92.90638
4647	194	15	15.999
4648	194	16	15.999
4649	194	17	15.999
4650	194	18	15.999
4651	194	19	88.90585
4652	194	20	91.224
4653	194	21	15.999
4654	194	22	15.999
4655	194	23	15.999
4656	194	24	15.999
4657	195	1	88.90585
4658	195	2	91.224
4659	195	3	15.999
4660	195	4	15.999
4661	195	5	15.999
4662	195	6	15.999
4663	195	7	91.224
4664	195	8	91.224
4665	195	9	15.999
4666	195	10	15.999
4667	195	11	15.999
4668	195	12	15.999
4669	195	13	180.94788
4670	195	14	88.90585
4671	195	15	15.999
4672	195	16	15.999
4673	195	17	15.999
4674	195	18	15.999
4675	195	19	180.94788
4676	195	20	91.224
4677	195	21	15.999
4678	195	22	15.999
4679	195	23	15.999
4680	195	24	15.999
4681	196	1	91.224
4682	196	2	91.224
4683	196	3	15.999
4684	196	4	15.999
4685	196	5	15.999
4686	196	6	15.999
4687	196	7	91.224
4688	196	8	88.90585
4689	196	9	15.999
4690	196	10	15.999
4691	196	11	15.999
4692	196	12	15.999
4693	196	13	91.224
4694	196	14	91.224
4695	196	15	15.999
4696	196	16	15.999
4697	196	17	15.999
4698	196	18	15.999
4699	196	19	91.224
4700	196	20	91.224
4701	196	21	15.999
4702	196	22	15.999
4703	196	23	15.999
4704	196	24	15.999
4705	197	1	91.224
4706	197	2	173.054
4707	197	3	15.999
4708	197	4	15.999
4709	197	5	15.999
4710	197	6	15.999
4711	197	7	91.224
4712	197	8	91.224
4713	197	9	15.999
4714	197	10	15.999
4715	197	11	15.999
4716	197	12	15.999
4717	197	13	91.224
4718	197	14	91.224
4719	197	15	15.999
4720	197	16	15.999
4721	197	17	15.999
4722	197	18	15.999
4723	197	19	91.224
4724	197	20	92.90638
4725	197	21	15.999
4726	197	22	15.999
4727	197	23	15.999
4728	197	24	15.999
4729	198	1	91.224
4730	198	2	91.224
4731	198	3	15.999
4732	198	4	15.999
4733	198	5	15.999
4734	198	6	15.999
4735	198	7	88.90585
4736	198	8	91.224
4737	198	9	15.999
4738	198	10	15.999
4739	198	11	15.999
4740	198	12	15.999
4741	198	13	91.224
4742	198	14	91.224
4743	198	15	15.999
4744	198	16	15.999
4745	198	17	15.999
4746	198	18	15.999
4747	198	19	180.94788
4748	198	20	92.90638
4749	198	21	15.999
4750	198	22	15.999
4751	198	23	15.999
4752	198	24	15.999
4753	199	1	91.224
4754	199	2	180.94788
4755	199	3	15.999
4756	199	4	15.999
4757	199	5	15.999
4758	199	6	15.999
4759	199	7	92.90638
4760	199	8	180.94788
4761	199	9	15.999
4762	199	10	15.999
4763	199	11	15.999
4764	199	12	15.999
4765	199	13	92.90638
4766	199	14	91.224
4767	199	15	15.999
4768	199	16	15.999
4769	199	17	15.999
4770	199	18	15.999
4771	199	19	92.90638
4772	199	20	91.224
4773	199	21	15.999
4774	199	22	15.999
4775	199	23	15.999
4776	199	24	15.999
4777	200	1	173.054
4778	200	2	91.224
4779	200	3	15.999
4780	200	4	15.999
4781	200	5	15.999
4782	200	6	15.999
4783	200	7	173.054
4784	200	8	91.224
4785	200	9	15.999
4786	200	10	15.999
4787	200	11	15.999
4788	200	12	15.999
4789	200	13	91.224
4790	200	14	91.224
4791	200	15	15.999
4792	200	16	15.999
4793	200	17	15.999
4794	200	18	15.999
4795	200	19	92.90638
4796	200	20	91.224
4797	200	21	15.999
4798	200	22	15.999
4799	200	23	15.999
4800	200	24	15.999


