Create LAMMPS or GPUMD data for SED method by using LT_Codes
atoms_ids unitcell_index basis_index mass_types
1 1 1  12.010700
2 1 2  12.010700
3 2 1  12.010700
4 2 2  12.010700
5 3 1  12.010700
6 3 2  12.010700
7 4 1  12.010700
8 4 2  12.010700
9 5 1  12.010700
10 5 2  12.010700
11 6 1  12.010700
12 6 2  12.010700
13 7 1  12.010700
14 7 2  12.010700
15 8 1  12.010700
16 8 2  12.010700
17 9 1  12.010700
18 9 2  12.010700
19 10 1  12.010700
20 10 2  12.010700
21 11 1  12.010700
22 11 2  12.010700
23 12 1  12.010700
24 12 2  12.010700
25 13 1  12.010700
26 13 2  12.010700
27 14 1  12.010700
28 14 2  12.010700
29 15 1  12.010700
30 15 2  12.010700
31 16 1  12.010700
32 16 2  12.010700
33 17 1  12.010700
34 17 2  12.010700
35 18 1  12.010700
36 18 2  12.010700
37 19 1  12.010700
38 19 2  12.010700
39 20 1  12.010700
40 20 2  12.010700
41 21 1  12.010700
42 21 2  12.010700
43 22 1  12.010700
44 22 2  12.010700
45 23 1  12.010700
46 23 2  12.010700
47 24 1  12.010700
48 24 2  12.010700
49 25 1  12.010700
50 25 2  12.010700
51 26 1  12.010700
52 26 2  12.010700
53 27 1  12.010700
54 27 2  12.010700
55 28 1  12.010700
56 28 2  12.010700
57 29 1  12.010700
58 29 2  12.010700
59 30 1  12.010700
60 30 2  12.010700
61 31 1  12.010700
62 31 2  12.010700
63 32 1  12.010700
64 32 2  12.010700
65 33 1  12.010700
66 33 2  12.010700
67 34 1  12.010700
68 34 2  12.010700
69 35 1  12.010700
70 35 2  12.010700
71 36 1  12.010700
72 36 2  12.010700
73 37 1  12.010700
74 37 2  12.010700
75 38 1  12.010700
76 38 2  12.010700
77 39 1  12.010700
78 39 2  12.010700
79 40 1  12.010700
80 40 2  12.010700
81 41 1  12.010700
82 41 2  12.010700
83 42 1  12.010700
84 42 2  12.010700
85 43 1  12.010700
86 43 2  12.010700
87 44 1  12.010700
88 44 2  12.010700
89 45 1  12.010700
90 45 2  12.010700
91 46 1  12.010700
92 46 2  12.010700
93 47 1  12.010700
94 47 2  12.010700
95 48 1  12.010700
96 48 2  12.010700
97 49 1  12.010700
98 49 2  12.010700
99 50 1  12.010700
100 50 2  12.010700
101 51 1  12.010700
102 51 2  12.010700
103 52 1  12.010700
104 52 2  12.010700
105 53 1  12.010700
106 53 2  12.010700
107 54 1  12.010700
108 54 2  12.010700
109 55 1  12.010700
110 55 2  12.010700
111 56 1  12.010700
112 56 2  12.010700
113 57 1  12.010700
114 57 2  12.010700
115 58 1  12.010700
116 58 2  12.010700
117 59 1  12.010700
118 59 2  12.010700
119 60 1  12.010700
120 60 2  12.010700
121 61 1  12.010700
122 61 2  12.010700
123 62 1  12.010700
124 62 2  12.010700
125 63 1  12.010700
126 63 2  12.010700
127 64 1  12.010700
128 64 2  12.010700
129 65 1  12.010700
130 65 2  12.010700
131 66 1  12.010700
132 66 2  12.010700
133 67 1  12.010700
134 67 2  12.010700
135 68 1  12.010700
136 68 2  12.010700
137 69 1  12.010700
138 69 2  12.010700
139 70 1  12.010700
140 70 2  12.010700
141 71 1  12.010700
142 71 2  12.010700
143 72 1  12.010700
144 72 2  12.010700
145 73 1  12.010700
146 73 2  12.010700
147 74 1  12.010700
148 74 2  12.010700
149 75 1  12.010700
150 75 2  12.010700
151 76 1  12.010700
152 76 2  12.010700
153 77 1  12.010700
154 77 2  12.010700
155 78 1  12.010700
156 78 2  12.010700
157 79 1  12.010700
158 79 2  12.010700
159 80 1  12.010700
160 80 2  12.010700
161 81 1  12.010700
162 81 2  12.010700
163 82 1  12.010700
164 82 2  12.010700
165 83 1  12.010700
166 83 2  12.010700
167 84 1  12.010700
168 84 2  12.010700
169 85 1  12.010700
170 85 2  12.010700
171 86 1  12.010700
172 86 2  12.010700
173 87 1  12.010700
174 87 2  12.010700
175 88 1  12.010700
176 88 2  12.010700
177 89 1  12.010700
178 89 2  12.010700
179 90 1  12.010700
180 90 2  12.010700
181 91 1  12.010700
182 91 2  12.010700
183 92 1  12.010700
184 92 2  12.010700
185 93 1  12.010700
186 93 2  12.010700
187 94 1  12.010700
188 94 2  12.010700
189 95 1  12.010700
190 95 2  12.010700
191 96 1  12.010700
192 96 2  12.010700
193 97 1  12.010700
194 97 2  12.010700
195 98 1  12.010700
196 98 2  12.010700
197 99 1  12.010700
198 99 2  12.010700
199 100 1  12.010700
200 100 2  12.010700
201 101 1  12.010700
202 101 2  12.010700
203 102 1  12.010700
204 102 2  12.010700
205 103 1  12.010700
206 103 2  12.010700
207 104 1  12.010700
208 104 2  12.010700
209 105 1  12.010700
210 105 2  12.010700
211 106 1  12.010700
212 106 2  12.010700
213 107 1  12.010700
214 107 2  12.010700
215 108 1  12.010700
216 108 2  12.010700
217 109 1  12.010700
218 109 2  12.010700
219 110 1  12.010700
220 110 2  12.010700
221 111 1  12.010700
222 111 2  12.010700
223 112 1  12.010700
224 112 2  12.010700
225 113 1  12.010700
226 113 2  12.010700
227 114 1  12.010700
228 114 2  12.010700
229 115 1  12.010700
230 115 2  12.010700
231 116 1  12.010700
232 116 2  12.010700
233 117 1  12.010700
234 117 2  12.010700
235 118 1  12.010700
236 118 2  12.010700
237 119 1  12.010700
238 119 2  12.010700
239 120 1  12.010700
240 120 2  12.010700
241 121 1  12.010700
242 121 2  12.010700
243 122 1  12.010700
244 122 2  12.010700
245 123 1  12.010700
246 123 2  12.010700
247 124 1  12.010700
248 124 2  12.010700
249 125 1  12.010700
250 125 2  12.010700
251 126 1  12.010700
252 126 2  12.010700
253 127 1  12.010700
254 127 2  12.010700
255 128 1  12.010700
256 128 2  12.010700
257 129 1  12.010700
258 129 2  12.010700
259 130 1  12.010700
260 130 2  12.010700
261 131 1  12.010700
262 131 2  12.010700
263 132 1  12.010700
264 132 2  12.010700
265 133 1  12.010700
266 133 2  12.010700
267 134 1  12.010700
268 134 2  12.010700
269 135 1  12.010700
270 135 2  12.010700
271 136 1  12.010700
272 136 2  12.010700
273 137 1  12.010700
274 137 2  12.010700
275 138 1  12.010700
276 138 2  12.010700
277 139 1  12.010700
278 139 2  12.010700
279 140 1  12.010700
280 140 2  12.010700
281 141 1  12.010700
282 141 2  12.010700
283 142 1  12.010700
284 142 2  12.010700
285 143 1  12.010700
286 143 2  12.010700
287 144 1  12.010700
288 144 2  12.010700
289 145 1  12.010700
290 145 2  12.010700
291 146 1  12.010700
292 146 2  12.010700
293 147 1  12.010700
294 147 2  12.010700
295 148 1  12.010700
296 148 2  12.010700
297 149 1  12.010700
298 149 2  12.010700
299 150 1  12.010700
300 150 2  12.010700
301 151 1  12.010700
302 151 2  12.010700
303 152 1  12.010700
304 152 2  12.010700
305 153 1  12.010700
306 153 2  12.010700
307 154 1  12.010700
308 154 2  12.010700
309 155 1  12.010700
310 155 2  12.010700
311 156 1  12.010700
312 156 2  12.010700
313 157 1  12.010700
314 157 2  12.010700
315 158 1  12.010700
316 158 2  12.010700
317 159 1  12.010700
318 159 2  12.010700
319 160 1  12.010700
320 160 2  12.010700
321 161 1  12.010700
322 161 2  12.010700
323 162 1  12.010700
324 162 2  12.010700
325 163 1  12.010700
326 163 2  12.010700
327 164 1  12.010700
328 164 2  12.010700
329 165 1  12.010700
330 165 2  12.010700
331 166 1  12.010700
332 166 2  12.010700
333 167 1  12.010700
334 167 2  12.010700
335 168 1  12.010700
336 168 2  12.010700
337 169 1  12.010700
338 169 2  12.010700
339 170 1  12.010700
340 170 2  12.010700
341 171 1  12.010700
342 171 2  12.010700
343 172 1  12.010700
344 172 2  12.010700
345 173 1  12.010700
346 173 2  12.010700
347 174 1  12.010700
348 174 2  12.010700
349 175 1  12.010700
350 175 2  12.010700
351 176 1  12.010700
352 176 2  12.010700
353 177 1  12.010700
354 177 2  12.010700
355 178 1  12.010700
356 178 2  12.010700
357 179 1  12.010700
358 179 2  12.010700
359 180 1  12.010700
360 180 2  12.010700
361 181 1  12.010700
362 181 2  12.010700
363 182 1  12.010700
364 182 2  12.010700
365 183 1  12.010700
366 183 2  12.010700
367 184 1  12.010700
368 184 2  12.010700
369 185 1  12.010700
370 185 2  12.010700
371 186 1  12.010700
372 186 2  12.010700
373 187 1  12.010700
374 187 2  12.010700
375 188 1  12.010700
376 188 2  12.010700
377 189 1  12.010700
378 189 2  12.010700
379 190 1  12.010700
380 190 2  12.010700
381 191 1  12.010700
382 191 2  12.010700
383 192 1  12.010700
384 192 2  12.010700
385 193 1  12.010700
386 193 2  12.010700
387 194 1  12.010700
388 194 2  12.010700
389 195 1  12.010700
390 195 2  12.010700
391 196 1  12.010700
392 196 2  12.010700
393 197 1  12.010700
394 197 2  12.010700
395 198 1  12.010700
396 198 2  12.010700
397 199 1  12.010700
398 199 2  12.010700
399 200 1  12.010700
400 200 2  12.010700
401 201 1  12.010700
402 201 2  12.010700
403 202 1  12.010700
404 202 2  12.010700
405 203 1  12.010700
406 203 2  12.010700
407 204 1  12.010700
408 204 2  12.010700
409 205 1  12.010700
410 205 2  12.010700
411 206 1  12.010700
412 206 2  12.010700
413 207 1  12.010700
414 207 2  12.010700
415 208 1  12.010700
416 208 2  12.010700
417 209 1  12.010700
418 209 2  12.010700
419 210 1  12.010700
420 210 2  12.010700
421 211 1  12.010700
422 211 2  12.010700
423 212 1  12.010700
424 212 2  12.010700
425 213 1  12.010700
426 213 2  12.010700
427 214 1  12.010700
428 214 2  12.010700
429 215 1  12.010700
430 215 2  12.010700
431 216 1  12.010700
432 216 2  12.010700
433 217 1  12.010700
434 217 2  12.010700
435 218 1  12.010700
436 218 2  12.010700
437 219 1  12.010700
438 219 2  12.010700
439 220 1  12.010700
440 220 2  12.010700
441 221 1  12.010700
442 221 2  12.010700
443 222 1  12.010700
444 222 2  12.010700
445 223 1  12.010700
446 223 2  12.010700
447 224 1  12.010700
448 224 2  12.010700
449 225 1  12.010700
450 225 2  12.010700
451 226 1  12.010700
452 226 2  12.010700
453 227 1  12.010700
454 227 2  12.010700
455 228 1  12.010700
456 228 2  12.010700
457 229 1  12.010700
458 229 2  12.010700
459 230 1  12.010700
460 230 2  12.010700
461 231 1  12.010700
462 231 2  12.010700
463 232 1  12.010700
464 232 2  12.010700
465 233 1  12.010700
466 233 2  12.010700
467 234 1  12.010700
468 234 2  12.010700
469 235 1  12.010700
470 235 2  12.010700
471 236 1  12.010700
472 236 2  12.010700
473 237 1  12.010700
474 237 2  12.010700
475 238 1  12.010700
476 238 2  12.010700
477 239 1  12.010700
478 239 2  12.010700
479 240 1  12.010700
480 240 2  12.010700
481 241 1  12.010700
482 241 2  12.010700
483 242 1  12.010700
484 242 2  12.010700
485 243 1  12.010700
486 243 2  12.010700
487 244 1  12.010700
488 244 2  12.010700
489 245 1  12.010700
490 245 2  12.010700
491 246 1  12.010700
492 246 2  12.010700
493 247 1  12.010700
494 247 2  12.010700
495 248 1  12.010700
496 248 2  12.010700
497 249 1  12.010700
498 249 2  12.010700
499 250 1  12.010700
500 250 2  12.010700
501 251 1  12.010700
502 251 2  12.010700
503 252 1  12.010700
504 252 2  12.010700
505 253 1  12.010700
506 253 2  12.010700
507 254 1  12.010700
508 254 2  12.010700
509 255 1  12.010700
510 255 2  12.010700
511 256 1  12.010700
512 256 2  12.010700
513 257 1  12.010700
514 257 2  12.010700
515 258 1  12.010700
516 258 2  12.010700
517 259 1  12.010700
518 259 2  12.010700
519 260 1  12.010700
520 260 2  12.010700
521 261 1  12.010700
522 261 2  12.010700
523 262 1  12.010700
524 262 2  12.010700
525 263 1  12.010700
526 263 2  12.010700
527 264 1  12.010700
528 264 2  12.010700
529 265 1  12.010700
530 265 2  12.010700
531 266 1  12.010700
532 266 2  12.010700
533 267 1  12.010700
534 267 2  12.010700
535 268 1  12.010700
536 268 2  12.010700
537 269 1  12.010700
538 269 2  12.010700
539 270 1  12.010700
540 270 2  12.010700
541 271 1  12.010700
542 271 2  12.010700
543 272 1  12.010700
544 272 2  12.010700
545 273 1  12.010700
546 273 2  12.010700
547 274 1  12.010700
548 274 2  12.010700
549 275 1  12.010700
550 275 2  12.010700
551 276 1  12.010700
552 276 2  12.010700
553 277 1  12.010700
554 277 2  12.010700
555 278 1  12.010700
556 278 2  12.010700
557 279 1  12.010700
558 279 2  12.010700
559 280 1  12.010700
560 280 2  12.010700
561 281 1  12.010700
562 281 2  12.010700
563 282 1  12.010700
564 282 2  12.010700
565 283 1  12.010700
566 283 2  12.010700
567 284 1  12.010700
568 284 2  12.010700
569 285 1  12.010700
570 285 2  12.010700
571 286 1  12.010700
572 286 2  12.010700
573 287 1  12.010700
574 287 2  12.010700
575 288 1  12.010700
576 288 2  12.010700
577 289 1  12.010700
578 289 2  12.010700
579 290 1  12.010700
580 290 2  12.010700
581 291 1  12.010700
582 291 2  12.010700
583 292 1  12.010700
584 292 2  12.010700
585 293 1  12.010700
586 293 2  12.010700
587 294 1  12.010700
588 294 2  12.010700
589 295 1  12.010700
590 295 2  12.010700
591 296 1  12.010700
592 296 2  12.010700
593 297 1  12.010700
594 297 2  12.010700
595 298 1  12.010700
596 298 2  12.010700
597 299 1  12.010700
598 299 2  12.010700
599 300 1  12.010700
600 300 2  12.010700
601 301 1  12.010700
602 301 2  12.010700
603 302 1  12.010700
604 302 2  12.010700
605 303 1  12.010700
606 303 2  12.010700
607 304 1  12.010700
608 304 2  12.010700
609 305 1  12.010700
610 305 2  12.010700
611 306 1  12.010700
612 306 2  12.010700
613 307 1  12.010700
614 307 2  12.010700
615 308 1  12.010700
616 308 2  12.010700
617 309 1  12.010700
618 309 2  12.010700
619 310 1  12.010700
620 310 2  12.010700
621 311 1  12.010700
622 311 2  12.010700
623 312 1  12.010700
624 312 2  12.010700
625 313 1  12.010700
626 313 2  12.010700
627 314 1  12.010700
628 314 2  12.010700
629 315 1  12.010700
630 315 2  12.010700
631 316 1  12.010700
632 316 2  12.010700
633 317 1  12.010700
634 317 2  12.010700
635 318 1  12.010700
636 318 2  12.010700
637 319 1  12.010700
638 319 2  12.010700
639 320 1  12.010700
640 320 2  12.010700
641 321 1  12.010700
642 321 2  12.010700
643 322 1  12.010700
644 322 2  12.010700
645 323 1  12.010700
646 323 2  12.010700
647 324 1  12.010700
648 324 2  12.010700
649 325 1  12.010700
650 325 2  12.010700
651 326 1  12.010700
652 326 2  12.010700
653 327 1  12.010700
654 327 2  12.010700
655 328 1  12.010700
656 328 2  12.010700
657 329 1  12.010700
658 329 2  12.010700
659 330 1  12.010700
660 330 2  12.010700
661 331 1  12.010700
662 331 2  12.010700
663 332 1  12.010700
664 332 2  12.010700
665 333 1  12.010700
666 333 2  12.010700
667 334 1  12.010700
668 334 2  12.010700
669 335 1  12.010700
670 335 2  12.010700
671 336 1  12.010700
672 336 2  12.010700
673 337 1  12.010700
674 337 2  12.010700
675 338 1  12.010700
676 338 2  12.010700
677 339 1  12.010700
678 339 2  12.010700
679 340 1  12.010700
680 340 2  12.010700
681 341 1  12.010700
682 341 2  12.010700
683 342 1  12.010700
684 342 2  12.010700
685 343 1  12.010700
686 343 2  12.010700
687 344 1  12.010700
688 344 2  12.010700
689 345 1  12.010700
690 345 2  12.010700
691 346 1  12.010700
692 346 2  12.010700
693 347 1  12.010700
694 347 2  12.010700
695 348 1  12.010700
696 348 2  12.010700
697 349 1  12.010700
698 349 2  12.010700
699 350 1  12.010700
700 350 2  12.010700
701 351 1  12.010700
702 351 2  12.010700
703 352 1  12.010700
704 352 2  12.010700
705 353 1  12.010700
706 353 2  12.010700
707 354 1  12.010700
708 354 2  12.010700
709 355 1  12.010700
710 355 2  12.010700
711 356 1  12.010700
712 356 2  12.010700
713 357 1  12.010700
714 357 2  12.010700
715 358 1  12.010700
716 358 2  12.010700
717 359 1  12.010700
718 359 2  12.010700
719 360 1  12.010700
720 360 2  12.010700
721 361 1  12.010700
722 361 2  12.010700
723 362 1  12.010700
724 362 2  12.010700
725 363 1  12.010700
726 363 2  12.010700
727 364 1  12.010700
728 364 2  12.010700
729 365 1  12.010700
730 365 2  12.010700
731 366 1  12.010700
732 366 2  12.010700
733 367 1  12.010700
734 367 2  12.010700
735 368 1  12.010700
736 368 2  12.010700
737 369 1  12.010700
738 369 2  12.010700
739 370 1  12.010700
740 370 2  12.010700
741 371 1  12.010700
742 371 2  12.010700
743 372 1  12.010700
744 372 2  12.010700
745 373 1  12.010700
746 373 2  12.010700
747 374 1  12.010700
748 374 2  12.010700
749 375 1  12.010700
750 375 2  12.010700
751 376 1  12.010700
752 376 2  12.010700
753 377 1  12.010700
754 377 2  12.010700
755 378 1  12.010700
756 378 2  12.010700
757 379 1  12.010700
758 379 2  12.010700
759 380 1  12.010700
760 380 2  12.010700
761 381 1  12.010700
762 381 2  12.010700
763 382 1  12.010700
764 382 2  12.010700
765 383 1  12.010700
766 383 2  12.010700
767 384 1  12.010700
768 384 2  12.010700
769 385 1  12.010700
770 385 2  12.010700
771 386 1  12.010700
772 386 2  12.010700
773 387 1  12.010700
774 387 2  12.010700
775 388 1  12.010700
776 388 2  12.010700
777 389 1  12.010700
778 389 2  12.010700
779 390 1  12.010700
780 390 2  12.010700
781 391 1  12.010700
782 391 2  12.010700
783 392 1  12.010700
784 392 2  12.010700
785 393 1  12.010700
786 393 2  12.010700
787 394 1  12.010700
788 394 2  12.010700
789 395 1  12.010700
790 395 2  12.010700
791 396 1  12.010700
792 396 2  12.010700
793 397 1  12.010700
794 397 2  12.010700
795 398 1  12.010700
796 398 2  12.010700
797 399 1  12.010700
798 399 2  12.010700
799 400 1  12.010700
800 400 2  12.010700
801 401 1  12.010700
802 401 2  12.010700
803 402 1  12.010700
804 402 2  12.010700
805 403 1  12.010700
806 403 2  12.010700
807 404 1  12.010700
808 404 2  12.010700
809 405 1  12.010700
810 405 2  12.010700
811 406 1  12.010700
812 406 2  12.010700
813 407 1  12.010700
814 407 2  12.010700
815 408 1  12.010700
816 408 2  12.010700
817 409 1  12.010700
818 409 2  12.010700
819 410 1  12.010700
820 410 2  12.010700
821 411 1  12.010700
822 411 2  12.010700
823 412 1  12.010700
824 412 2  12.010700
825 413 1  12.010700
826 413 2  12.010700
827 414 1  12.010700
828 414 2  12.010700
829 415 1  12.010700
830 415 2  12.010700
831 416 1  12.010700
832 416 2  12.010700
833 417 1  12.010700
834 417 2  12.010700
835 418 1  12.010700
836 418 2  12.010700
837 419 1  12.010700
838 419 2  12.010700
839 420 1  12.010700
840 420 2  12.010700
841 421 1  12.010700
842 421 2  12.010700
843 422 1  12.010700
844 422 2  12.010700
845 423 1  12.010700
846 423 2  12.010700
847 424 1  12.010700
848 424 2  12.010700
849 425 1  12.010700
850 425 2  12.010700
851 426 1  12.010700
852 426 2  12.010700
853 427 1  12.010700
854 427 2  12.010700
855 428 1  12.010700
856 428 2  12.010700
857 429 1  12.010700
858 429 2  12.010700
859 430 1  12.010700
860 430 2  12.010700
861 431 1  12.010700
862 431 2  12.010700
863 432 1  12.010700
864 432 2  12.010700
865 433 1  12.010700
866 433 2  12.010700
867 434 1  12.010700
868 434 2  12.010700
869 435 1  12.010700
870 435 2  12.010700
871 436 1  12.010700
872 436 2  12.010700
873 437 1  12.010700
874 437 2  12.010700
875 438 1  12.010700
876 438 2  12.010700
877 439 1  12.010700
878 439 2  12.010700
879 440 1  12.010700
880 440 2  12.010700
881 441 1  12.010700
882 441 2  12.010700
883 442 1  12.010700
884 442 2  12.010700
885 443 1  12.010700
886 443 2  12.010700
887 444 1  12.010700
888 444 2  12.010700
889 445 1  12.010700
890 445 2  12.010700
891 446 1  12.010700
892 446 2  12.010700
893 447 1  12.010700
894 447 2  12.010700
895 448 1  12.010700
896 448 2  12.010700
897 449 1  12.010700
898 449 2  12.010700
899 450 1  12.010700
900 450 2  12.010700
901 451 1  12.010700
902 451 2  12.010700
903 452 1  12.010700
904 452 2  12.010700
905 453 1  12.010700
906 453 2  12.010700
907 454 1  12.010700
908 454 2  12.010700
909 455 1  12.010700
910 455 2  12.010700
911 456 1  12.010700
912 456 2  12.010700
913 457 1  12.010700
914 457 2  12.010700
915 458 1  12.010700
916 458 2  12.010700
917 459 1  12.010700
918 459 2  12.010700
919 460 1  12.010700
920 460 2  12.010700
921 461 1  12.010700
922 461 2  12.010700
923 462 1  12.010700
924 462 2  12.010700
925 463 1  12.010700
926 463 2  12.010700
927 464 1  12.010700
928 464 2  12.010700
929 465 1  12.010700
930 465 2  12.010700
931 466 1  12.010700
932 466 2  12.010700
933 467 1  12.010700
934 467 2  12.010700
935 468 1  12.010700
936 468 2  12.010700
937 469 1  12.010700
938 469 2  12.010700
939 470 1  12.010700
940 470 2  12.010700
941 471 1  12.010700
942 471 2  12.010700
943 472 1  12.010700
944 472 2  12.010700
945 473 1  12.010700
946 473 2  12.010700
947 474 1  12.010700
948 474 2  12.010700
949 475 1  12.010700
950 475 2  12.010700
951 476 1  12.010700
952 476 2  12.010700
953 477 1  12.010700
954 477 2  12.010700
955 478 1  12.010700
956 478 2  12.010700
957 479 1  12.010700
958 479 2  12.010700
959 480 1  12.010700
960 480 2  12.010700
961 481 1  12.010700
962 481 2  12.010700
963 482 1  12.010700
964 482 2  12.010700
965 483 1  12.010700
966 483 2  12.010700
967 484 1  12.010700
968 484 2  12.010700
969 485 1  12.010700
970 485 2  12.010700
971 486 1  12.010700
972 486 2  12.010700
973 487 1  12.010700
974 487 2  12.010700
975 488 1  12.010700
976 488 2  12.010700
977 489 1  12.010700
978 489 2  12.010700
979 490 1  12.010700
980 490 2  12.010700
981 491 1  12.010700
982 491 2  12.010700
983 492 1  12.010700
984 492 2  12.010700
985 493 1  12.010700
986 493 2  12.010700
987 494 1  12.010700
988 494 2  12.010700
989 495 1  12.010700
990 495 2  12.010700
991 496 1  12.010700
992 496 2  12.010700
993 497 1  12.010700
994 497 2  12.010700
995 498 1  12.010700
996 498 2  12.010700
997 499 1  12.010700
998 499 2  12.010700
999 500 1  12.010700
1000 500 2  12.010700
1001 501 1  12.010700
1002 501 2  12.010700
1003 502 1  12.010700
1004 502 2  12.010700
1005 503 1  12.010700
1006 503 2  12.010700
1007 504 1  12.010700
1008 504 2  12.010700
1009 505 1  12.010700
1010 505 2  12.010700
1011 506 1  12.010700
1012 506 2  12.010700
1013 507 1  12.010700
1014 507 2  12.010700
1015 508 1  12.010700
1016 508 2  12.010700
1017 509 1  12.010700
1018 509 2  12.010700
1019 510 1  12.010700
1020 510 2  12.010700
1021 511 1  12.010700
1022 511 2  12.010700
1023 512 1  12.010700
1024 512 2  12.010700
1025 513 1  12.010700
1026 513 2  12.010700
1027 514 1  12.010700
1028 514 2  12.010700
1029 515 1  12.010700
1030 515 2  12.010700
1031 516 1  12.010700
1032 516 2  12.010700
1033 517 1  12.010700
1034 517 2  12.010700
1035 518 1  12.010700
1036 518 2  12.010700
1037 519 1  12.010700
1038 519 2  12.010700
1039 520 1  12.010700
1040 520 2  12.010700
1041 521 1  12.010700
1042 521 2  12.010700
1043 522 1  12.010700
1044 522 2  12.010700
1045 523 1  12.010700
1046 523 2  12.010700
1047 524 1  12.010700
1048 524 2  12.010700
1049 525 1  12.010700
1050 525 2  12.010700
1051 526 1  12.010700
1052 526 2  12.010700
1053 527 1  12.010700
1054 527 2  12.010700
1055 528 1  12.010700
1056 528 2  12.010700
1057 529 1  12.010700
1058 529 2  12.010700
1059 530 1  12.010700
1060 530 2  12.010700
1061 531 1  12.010700
1062 531 2  12.010700
1063 532 1  12.010700
1064 532 2  12.010700
1065 533 1  12.010700
1066 533 2  12.010700
1067 534 1  12.010700
1068 534 2  12.010700
1069 535 1  12.010700
1070 535 2  12.010700
1071 536 1  12.010700
1072 536 2  12.010700
1073 537 1  12.010700
1074 537 2  12.010700
1075 538 1  12.010700
1076 538 2  12.010700
1077 539 1  12.010700
1078 539 2  12.010700
1079 540 1  12.010700
1080 540 2  12.010700
1081 541 1  12.010700
1082 541 2  12.010700
1083 542 1  12.010700
1084 542 2  12.010700
1085 543 1  12.010700
1086 543 2  12.010700
1087 544 1  12.010700
1088 544 2  12.010700
1089 545 1  12.010700
1090 545 2  12.010700
1091 546 1  12.010700
1092 546 2  12.010700
1093 547 1  12.010700
1094 547 2  12.010700
1095 548 1  12.010700
1096 548 2  12.010700
1097 549 1  12.010700
1098 549 2  12.010700
1099 550 1  12.010700
1100 550 2  12.010700
1101 551 1  12.010700
1102 551 2  12.010700
1103 552 1  12.010700
1104 552 2  12.010700
1105 553 1  12.010700
1106 553 2  12.010700
1107 554 1  12.010700
1108 554 2  12.010700
1109 555 1  12.010700
1110 555 2  12.010700
1111 556 1  12.010700
1112 556 2  12.010700
1113 557 1  12.010700
1114 557 2  12.010700
1115 558 1  12.010700
1116 558 2  12.010700
1117 559 1  12.010700
1118 559 2  12.010700
1119 560 1  12.010700
1120 560 2  12.010700
1121 561 1  12.010700
1122 561 2  12.010700
1123 562 1  12.010700
1124 562 2  12.010700
1125 563 1  12.010700
1126 563 2  12.010700
1127 564 1  12.010700
1128 564 2  12.010700
1129 565 1  12.010700
1130 565 2  12.010700
1131 566 1  12.010700
1132 566 2  12.010700
1133 567 1  12.010700
1134 567 2  12.010700
1135 568 1  12.010700
1136 568 2  12.010700
1137 569 1  12.010700
1138 569 2  12.010700
1139 570 1  12.010700
1140 570 2  12.010700
1141 571 1  12.010700
1142 571 2  12.010700
1143 572 1  12.010700
1144 572 2  12.010700
1145 573 1  12.010700
1146 573 2  12.010700
1147 574 1  12.010700
1148 574 2  12.010700
1149 575 1  12.010700
1150 575 2  12.010700
1151 576 1  12.010700
1152 576 2  12.010700
1153 577 1  12.010700
1154 577 2  12.010700
1155 578 1  12.010700
1156 578 2  12.010700
1157 579 1  12.010700
1158 579 2  12.010700
1159 580 1  12.010700
1160 580 2  12.010700
1161 581 1  12.010700
1162 581 2  12.010700
1163 582 1  12.010700
1164 582 2  12.010700
1165 583 1  12.010700
1166 583 2  12.010700
1167 584 1  12.010700
1168 584 2  12.010700
1169 585 1  12.010700
1170 585 2  12.010700
1171 586 1  12.010700
1172 586 2  12.010700
1173 587 1  12.010700
1174 587 2  12.010700
1175 588 1  12.010700
1176 588 2  12.010700
1177 589 1  12.010700
1178 589 2  12.010700
1179 590 1  12.010700
1180 590 2  12.010700
1181 591 1  12.010700
1182 591 2  12.010700
1183 592 1  12.010700
1184 592 2  12.010700
1185 593 1  12.010700
1186 593 2  12.010700
1187 594 1  12.010700
1188 594 2  12.010700
1189 595 1  12.010700
1190 595 2  12.010700
1191 596 1  12.010700
1192 596 2  12.010700
1193 597 1  12.010700
1194 597 2  12.010700
1195 598 1  12.010700
1196 598 2  12.010700
1197 599 1  12.010700
1198 599 2  12.010700
1199 600 1  12.010700
1200 600 2  12.010700
1201 601 1  12.010700
1202 601 2  12.010700
1203 602 1  12.010700
1204 602 2  12.010700
1205 603 1  12.010700
1206 603 2  12.010700
1207 604 1  12.010700
1208 604 2  12.010700
1209 605 1  12.010700
1210 605 2  12.010700
1211 606 1  12.010700
1212 606 2  12.010700
1213 607 1  12.010700
1214 607 2  12.010700
1215 608 1  12.010700
1216 608 2  12.010700
1217 609 1  12.010700
1218 609 2  12.010700
1219 610 1  12.010700
1220 610 2  12.010700
1221 611 1  12.010700
1222 611 2  12.010700
1223 612 1  12.010700
1224 612 2  12.010700
1225 613 1  12.010700
1226 613 2  12.010700
1227 614 1  12.010700
1228 614 2  12.010700
1229 615 1  12.010700
1230 615 2  12.010700
1231 616 1  12.010700
1232 616 2  12.010700
1233 617 1  12.010700
1234 617 2  12.010700
1235 618 1  12.010700
1236 618 2  12.010700
1237 619 1  12.010700
1238 619 2  12.010700
1239 620 1  12.010700
1240 620 2  12.010700
1241 621 1  12.010700
1242 621 2  12.010700
1243 622 1  12.010700
1244 622 2  12.010700
1245 623 1  12.010700
1246 623 2  12.010700
1247 624 1  12.010700
1248 624 2  12.010700
1249 625 1  12.010700
1250 625 2  12.010700
1251 626 1  12.010700
1252 626 2  12.010700
1253 627 1  12.010700
1254 627 2  12.010700
1255 628 1  12.010700
1256 628 2  12.010700
1257 629 1  12.010700
1258 629 2  12.010700
1259 630 1  12.010700
1260 630 2  12.010700
1261 631 1  12.010700
1262 631 2  12.010700
1263 632 1  12.010700
1264 632 2  12.010700
1265 633 1  12.010700
1266 633 2  12.010700
1267 634 1  12.010700
1268 634 2  12.010700
1269 635 1  12.010700
1270 635 2  12.010700
1271 636 1  12.010700
1272 636 2  12.010700
1273 637 1  12.010700
1274 637 2  12.010700
1275 638 1  12.010700
1276 638 2  12.010700
1277 639 1  12.010700
1278 639 2  12.010700
1279 640 1  12.010700
1280 640 2  12.010700
1281 641 1  12.010700
1282 641 2  12.010700
1283 642 1  12.010700
1284 642 2  12.010700
1285 643 1  12.010700
1286 643 2  12.010700
1287 644 1  12.010700
1288 644 2  12.010700
1289 645 1  12.010700
1290 645 2  12.010700
1291 646 1  12.010700
1292 646 2  12.010700
1293 647 1  12.010700
1294 647 2  12.010700
1295 648 1  12.010700
1296 648 2  12.010700
1297 649 1  12.010700
1298 649 2  12.010700
1299 650 1  12.010700
1300 650 2  12.010700
1301 651 1  12.010700
1302 651 2  12.010700
1303 652 1  12.010700
1304 652 2  12.010700
1305 653 1  12.010700
1306 653 2  12.010700
1307 654 1  12.010700
1308 654 2  12.010700
1309 655 1  12.010700
1310 655 2  12.010700
1311 656 1  12.010700
1312 656 2  12.010700
1313 657 1  12.010700
1314 657 2  12.010700
1315 658 1  12.010700
1316 658 2  12.010700
1317 659 1  12.010700
1318 659 2  12.010700
1319 660 1  12.010700
1320 660 2  12.010700
1321 661 1  12.010700
1322 661 2  12.010700
1323 662 1  12.010700
1324 662 2  12.010700
1325 663 1  12.010700
1326 663 2  12.010700
1327 664 1  12.010700
1328 664 2  12.010700
1329 665 1  12.010700
1330 665 2  12.010700
1331 666 1  12.010700
1332 666 2  12.010700
1333 667 1  12.010700
1334 667 2  12.010700
1335 668 1  12.010700
1336 668 2  12.010700
1337 669 1  12.010700
1338 669 2  12.010700
1339 670 1  12.010700
1340 670 2  12.010700
1341 671 1  12.010700
1342 671 2  12.010700
1343 672 1  12.010700
1344 672 2  12.010700
1345 673 1  12.010700
1346 673 2  12.010700
1347 674 1  12.010700
1348 674 2  12.010700
1349 675 1  12.010700
1350 675 2  12.010700
1351 676 1  12.010700
1352 676 2  12.010700
1353 677 1  12.010700
1354 677 2  12.010700
1355 678 1  12.010700
1356 678 2  12.010700
1357 679 1  12.010700
1358 679 2  12.010700
1359 680 1  12.010700
1360 680 2  12.010700
1361 681 1  12.010700
1362 681 2  12.010700
1363 682 1  12.010700
1364 682 2  12.010700
1365 683 1  12.010700
1366 683 2  12.010700
1367 684 1  12.010700
1368 684 2  12.010700
1369 685 1  12.010700
1370 685 2  12.010700
1371 686 1  12.010700
1372 686 2  12.010700
1373 687 1  12.010700
1374 687 2  12.010700
1375 688 1  12.010700
1376 688 2  12.010700
1377 689 1  12.010700
1378 689 2  12.010700
1379 690 1  12.010700
1380 690 2  12.010700
1381 691 1  12.010700
1382 691 2  12.010700
1383 692 1  12.010700
1384 692 2  12.010700
1385 693 1  12.010700
1386 693 2  12.010700
1387 694 1  12.010700
1388 694 2  12.010700
1389 695 1  12.010700
1390 695 2  12.010700
1391 696 1  12.010700
1392 696 2  12.010700
1393 697 1  12.010700
1394 697 2  12.010700
1395 698 1  12.010700
1396 698 2  12.010700
1397 699 1  12.010700
1398 699 2  12.010700
1399 700 1  12.010700
1400 700 2  12.010700
1401 701 1  12.010700
1402 701 2  12.010700
1403 702 1  12.010700
1404 702 2  12.010700
1405 703 1  12.010700
1406 703 2  12.010700
1407 704 1  12.010700
1408 704 2  12.010700
1409 705 1  12.010700
1410 705 2  12.010700
1411 706 1  12.010700
1412 706 2  12.010700
1413 707 1  12.010700
1414 707 2  12.010700
1415 708 1  12.010700
1416 708 2  12.010700
1417 709 1  12.010700
1418 709 2  12.010700
1419 710 1  12.010700
1420 710 2  12.010700
1421 711 1  12.010700
1422 711 2  12.010700
1423 712 1  12.010700
1424 712 2  12.010700
1425 713 1  12.010700
1426 713 2  12.010700
1427 714 1  12.010700
1428 714 2  12.010700
1429 715 1  12.010700
1430 715 2  12.010700
1431 716 1  12.010700
1432 716 2  12.010700
1433 717 1  12.010700
1434 717 2  12.010700
1435 718 1  12.010700
1436 718 2  12.010700
1437 719 1  12.010700
1438 719 2  12.010700
1439 720 1  12.010700
1440 720 2  12.010700
1441 721 1  12.010700
1442 721 2  12.010700
1443 722 1  12.010700
1444 722 2  12.010700
1445 723 1  12.010700
1446 723 2  12.010700
1447 724 1  12.010700
1448 724 2  12.010700
1449 725 1  12.010700
1450 725 2  12.010700
1451 726 1  12.010700
1452 726 2  12.010700
1453 727 1  12.010700
1454 727 2  12.010700
1455 728 1  12.010700
1456 728 2  12.010700
1457 729 1  12.010700
1458 729 2  12.010700
1459 730 1  12.010700
1460 730 2  12.010700
1461 731 1  12.010700
1462 731 2  12.010700
1463 732 1  12.010700
1464 732 2  12.010700
1465 733 1  12.010700
1466 733 2  12.010700
1467 734 1  12.010700
1468 734 2  12.010700
1469 735 1  12.010700
1470 735 2  12.010700
1471 736 1  12.010700
1472 736 2  12.010700
1473 737 1  12.010700
1474 737 2  12.010700
1475 738 1  12.010700
1476 738 2  12.010700
1477 739 1  12.010700
1478 739 2  12.010700
1479 740 1  12.010700
1480 740 2  12.010700
1481 741 1  12.010700
1482 741 2  12.010700
1483 742 1  12.010700
1484 742 2  12.010700
1485 743 1  12.010700
1486 743 2  12.010700
1487 744 1  12.010700
1488 744 2  12.010700
1489 745 1  12.010700
1490 745 2  12.010700
1491 746 1  12.010700
1492 746 2  12.010700
1493 747 1  12.010700
1494 747 2  12.010700
1495 748 1  12.010700
1496 748 2  12.010700
1497 749 1  12.010700
1498 749 2  12.010700
1499 750 1  12.010700
1500 750 2  12.010700
1501 751 1  12.010700
1502 751 2  12.010700
1503 752 1  12.010700
1504 752 2  12.010700
1505 753 1  12.010700
1506 753 2  12.010700
1507 754 1  12.010700
1508 754 2  12.010700
1509 755 1  12.010700
1510 755 2  12.010700
1511 756 1  12.010700
1512 756 2  12.010700
1513 757 1  12.010700
1514 757 2  12.010700
1515 758 1  12.010700
1516 758 2  12.010700
1517 759 1  12.010700
1518 759 2  12.010700
1519 760 1  12.010700
1520 760 2  12.010700
1521 761 1  12.010700
1522 761 2  12.010700
1523 762 1  12.010700
1524 762 2  12.010700
1525 763 1  12.010700
1526 763 2  12.010700
1527 764 1  12.010700
1528 764 2  12.010700
1529 765 1  12.010700
1530 765 2  12.010700
1531 766 1  12.010700
1532 766 2  12.010700
1533 767 1  12.010700
1534 767 2  12.010700
1535 768 1  12.010700
1536 768 2  12.010700
1537 769 1  12.010700
1538 769 2  12.010700
1539 770 1  12.010700
1540 770 2  12.010700
1541 771 1  12.010700
1542 771 2  12.010700
1543 772 1  12.010700
1544 772 2  12.010700
1545 773 1  12.010700
1546 773 2  12.010700
1547 774 1  12.010700
1548 774 2  12.010700
1549 775 1  12.010700
1550 775 2  12.010700
1551 776 1  12.010700
1552 776 2  12.010700
1553 777 1  12.010700
1554 777 2  12.010700
1555 778 1  12.010700
1556 778 2  12.010700
1557 779 1  12.010700
1558 779 2  12.010700
1559 780 1  12.010700
1560 780 2  12.010700
1561 781 1  12.010700
1562 781 2  12.010700
1563 782 1  12.010700
1564 782 2  12.010700
1565 783 1  12.010700
1566 783 2  12.010700
1567 784 1  12.010700
1568 784 2  12.010700
1569 785 1  12.010700
1570 785 2  12.010700
1571 786 1  12.010700
1572 786 2  12.010700
1573 787 1  12.010700
1574 787 2  12.010700
1575 788 1  12.010700
1576 788 2  12.010700
1577 789 1  12.010700
1578 789 2  12.010700
1579 790 1  12.010700
1580 790 2  12.010700
1581 791 1  12.010700
1582 791 2  12.010700
1583 792 1  12.010700
1584 792 2  12.010700
1585 793 1  12.010700
1586 793 2  12.010700
1587 794 1  12.010700
1588 794 2  12.010700
1589 795 1  12.010700
1590 795 2  12.010700
1591 796 1  12.010700
1592 796 2  12.010700
1593 797 1  12.010700
1594 797 2  12.010700
1595 798 1  12.010700
1596 798 2  12.010700
1597 799 1  12.010700
1598 799 2  12.010700
1599 800 1  12.010700
1600 800 2  12.010700
1601 801 1  12.010700
1602 801 2  12.010700
1603 802 1  12.010700
1604 802 2  12.010700
1605 803 1  12.010700
1606 803 2  12.010700
1607 804 1  12.010700
1608 804 2  12.010700
1609 805 1  12.010700
1610 805 2  12.010700
1611 806 1  12.010700
1612 806 2  12.010700
1613 807 1  12.010700
1614 807 2  12.010700
1615 808 1  12.010700
1616 808 2  12.010700
1617 809 1  12.010700
1618 809 2  12.010700
1619 810 1  12.010700
1620 810 2  12.010700
1621 811 1  12.010700
1622 811 2  12.010700
1623 812 1  12.010700
1624 812 2  12.010700
1625 813 1  12.010700
1626 813 2  12.010700
1627 814 1  12.010700
1628 814 2  12.010700
1629 815 1  12.010700
1630 815 2  12.010700
1631 816 1  12.010700
1632 816 2  12.010700
1633 817 1  12.010700
1634 817 2  12.010700
1635 818 1  12.010700
1636 818 2  12.010700
1637 819 1  12.010700
1638 819 2  12.010700
1639 820 1  12.010700
1640 820 2  12.010700
1641 821 1  12.010700
1642 821 2  12.010700
1643 822 1  12.010700
1644 822 2  12.010700
1645 823 1  12.010700
1646 823 2  12.010700
1647 824 1  12.010700
1648 824 2  12.010700
1649 825 1  12.010700
1650 825 2  12.010700
1651 826 1  12.010700
1652 826 2  12.010700
1653 827 1  12.010700
1654 827 2  12.010700
1655 828 1  12.010700
1656 828 2  12.010700
1657 829 1  12.010700
1658 829 2  12.010700
1659 830 1  12.010700
1660 830 2  12.010700
1661 831 1  12.010700
1662 831 2  12.010700
1663 832 1  12.010700
1664 832 2  12.010700
1665 833 1  12.010700
1666 833 2  12.010700
1667 834 1  12.010700
1668 834 2  12.010700
1669 835 1  12.010700
1670 835 2  12.010700
1671 836 1  12.010700
1672 836 2  12.010700
1673 837 1  12.010700
1674 837 2  12.010700
1675 838 1  12.010700
1676 838 2  12.010700
1677 839 1  12.010700
1678 839 2  12.010700
1679 840 1  12.010700
1680 840 2  12.010700
1681 841 1  12.010700
1682 841 2  12.010700
1683 842 1  12.010700
1684 842 2  12.010700
1685 843 1  12.010700
1686 843 2  12.010700
1687 844 1  12.010700
1688 844 2  12.010700
1689 845 1  12.010700
1690 845 2  12.010700
1691 846 1  12.010700
1692 846 2  12.010700
1693 847 1  12.010700
1694 847 2  12.010700
1695 848 1  12.010700
1696 848 2  12.010700
1697 849 1  12.010700
1698 849 2  12.010700
1699 850 1  12.010700
1700 850 2  12.010700
1701 851 1  12.010700
1702 851 2  12.010700
1703 852 1  12.010700
1704 852 2  12.010700
1705 853 1  12.010700
1706 853 2  12.010700
1707 854 1  12.010700
1708 854 2  12.010700
1709 855 1  12.010700
1710 855 2  12.010700
1711 856 1  12.010700
1712 856 2  12.010700
1713 857 1  12.010700
1714 857 2  12.010700
1715 858 1  12.010700
1716 858 2  12.010700
1717 859 1  12.010700
1718 859 2  12.010700
1719 860 1  12.010700
1720 860 2  12.010700
1721 861 1  12.010700
1722 861 2  12.010700
1723 862 1  12.010700
1724 862 2  12.010700
1725 863 1  12.010700
1726 863 2  12.010700
1727 864 1  12.010700
1728 864 2  12.010700
1729 865 1  12.010700
1730 865 2  12.010700
1731 866 1  12.010700
1732 866 2  12.010700
1733 867 1  12.010700
1734 867 2  12.010700
1735 868 1  12.010700
1736 868 2  12.010700
1737 869 1  12.010700
1738 869 2  12.010700
1739 870 1  12.010700
1740 870 2  12.010700
1741 871 1  12.010700
1742 871 2  12.010700
1743 872 1  12.010700
1744 872 2  12.010700
1745 873 1  12.010700
1746 873 2  12.010700
1747 874 1  12.010700
1748 874 2  12.010700
1749 875 1  12.010700
1750 875 2  12.010700
1751 876 1  12.010700
1752 876 2  12.010700
1753 877 1  12.010700
1754 877 2  12.010700
1755 878 1  12.010700
1756 878 2  12.010700
1757 879 1  12.010700
1758 879 2  12.010700
1759 880 1  12.010700
1760 880 2  12.010700
1761 881 1  12.010700
1762 881 2  12.010700
1763 882 1  12.010700
1764 882 2  12.010700
1765 883 1  12.010700
1766 883 2  12.010700
1767 884 1  12.010700
1768 884 2  12.010700
1769 885 1  12.010700
1770 885 2  12.010700
1771 886 1  12.010700
1772 886 2  12.010700
1773 887 1  12.010700
1774 887 2  12.010700
1775 888 1  12.010700
1776 888 2  12.010700
1777 889 1  12.010700
1778 889 2  12.010700
1779 890 1  12.010700
1780 890 2  12.010700
1781 891 1  12.010700
1782 891 2  12.010700
1783 892 1  12.010700
1784 892 2  12.010700
1785 893 1  12.010700
1786 893 2  12.010700
1787 894 1  12.010700
1788 894 2  12.010700
1789 895 1  12.010700
1790 895 2  12.010700
1791 896 1  12.010700
1792 896 2  12.010700
1793 897 1  12.010700
1794 897 2  12.010700
1795 898 1  12.010700
1796 898 2  12.010700
1797 899 1  12.010700
1798 899 2  12.010700
1799 900 1  12.010700
1800 900 2  12.010700
1801 901 1  12.010700
1802 901 2  12.010700
1803 902 1  12.010700
1804 902 2  12.010700
1805 903 1  12.010700
1806 903 2  12.010700
1807 904 1  12.010700
1808 904 2  12.010700
1809 905 1  12.010700
1810 905 2  12.010700
1811 906 1  12.010700
1812 906 2  12.010700
1813 907 1  12.010700
1814 907 2  12.010700
1815 908 1  12.010700
1816 908 2  12.010700
1817 909 1  12.010700
1818 909 2  12.010700
1819 910 1  12.010700
1820 910 2  12.010700
1821 911 1  12.010700
1822 911 2  12.010700
1823 912 1  12.010700
1824 912 2  12.010700
1825 913 1  12.010700
1826 913 2  12.010700
1827 914 1  12.010700
1828 914 2  12.010700
1829 915 1  12.010700
1830 915 2  12.010700
1831 916 1  12.010700
1832 916 2  12.010700
1833 917 1  12.010700
1834 917 2  12.010700
1835 918 1  12.010700
1836 918 2  12.010700
1837 919 1  12.010700
1838 919 2  12.010700
1839 920 1  12.010700
1840 920 2  12.010700
1841 921 1  12.010700
1842 921 2  12.010700
1843 922 1  12.010700
1844 922 2  12.010700
1845 923 1  12.010700
1846 923 2  12.010700
1847 924 1  12.010700
1848 924 2  12.010700
1849 925 1  12.010700
1850 925 2  12.010700
1851 926 1  12.010700
1852 926 2  12.010700
1853 927 1  12.010700
1854 927 2  12.010700
1855 928 1  12.010700
1856 928 2  12.010700
1857 929 1  12.010700
1858 929 2  12.010700
1859 930 1  12.010700
1860 930 2  12.010700
1861 931 1  12.010700
1862 931 2  12.010700
1863 932 1  12.010700
1864 932 2  12.010700
1865 933 1  12.010700
1866 933 2  12.010700
1867 934 1  12.010700
1868 934 2  12.010700
1869 935 1  12.010700
1870 935 2  12.010700
1871 936 1  12.010700
1872 936 2  12.010700
1873 937 1  12.010700
1874 937 2  12.010700
1875 938 1  12.010700
1876 938 2  12.010700
1877 939 1  12.010700
1878 939 2  12.010700
1879 940 1  12.010700
1880 940 2  12.010700
1881 941 1  12.010700
1882 941 2  12.010700
1883 942 1  12.010700
1884 942 2  12.010700
1885 943 1  12.010700
1886 943 2  12.010700
1887 944 1  12.010700
1888 944 2  12.010700
1889 945 1  12.010700
1890 945 2  12.010700
1891 946 1  12.010700
1892 946 2  12.010700
1893 947 1  12.010700
1894 947 2  12.010700
1895 948 1  12.010700
1896 948 2  12.010700
1897 949 1  12.010700
1898 949 2  12.010700
1899 950 1  12.010700
1900 950 2  12.010700
1901 951 1  12.010700
1902 951 2  12.010700
1903 952 1  12.010700
1904 952 2  12.010700
1905 953 1  12.010700
1906 953 2  12.010700
1907 954 1  12.010700
1908 954 2  12.010700
1909 955 1  12.010700
1910 955 2  12.010700
1911 956 1  12.010700
1912 956 2  12.010700
1913 957 1  12.010700
1914 957 2  12.010700
1915 958 1  12.010700
1916 958 2  12.010700
1917 959 1  12.010700
1918 959 2  12.010700
1919 960 1  12.010700
1920 960 2  12.010700
1921 961 1  12.010700
1922 961 2  12.010700
1923 962 1  12.010700
1924 962 2  12.010700
1925 963 1  12.010700
1926 963 2  12.010700
1927 964 1  12.010700
1928 964 2  12.010700
1929 965 1  12.010700
1930 965 2  12.010700
1931 966 1  12.010700
1932 966 2  12.010700
1933 967 1  12.010700
1934 967 2  12.010700
1935 968 1  12.010700
1936 968 2  12.010700
1937 969 1  12.010700
1938 969 2  12.010700
1939 970 1  12.010700
1940 970 2  12.010700
1941 971 1  12.010700
1942 971 2  12.010700
1943 972 1  12.010700
1944 972 2  12.010700
1945 973 1  12.010700
1946 973 2  12.010700
1947 974 1  12.010700
1948 974 2  12.010700
1949 975 1  12.010700
1950 975 2  12.010700
1951 976 1  12.010700
1952 976 2  12.010700
1953 977 1  12.010700
1954 977 2  12.010700
1955 978 1  12.010700
1956 978 2  12.010700
1957 979 1  12.010700
1958 979 2  12.010700
1959 980 1  12.010700
1960 980 2  12.010700
1961 981 1  12.010700
1962 981 2  12.010700
1963 982 1  12.010700
1964 982 2  12.010700
1965 983 1  12.010700
1966 983 2  12.010700
1967 984 1  12.010700
1968 984 2  12.010700
1969 985 1  12.010700
1970 985 2  12.010700
1971 986 1  12.010700
1972 986 2  12.010700
1973 987 1  12.010700
1974 987 2  12.010700
1975 988 1  12.010700
1976 988 2  12.010700
1977 989 1  12.010700
1978 989 2  12.010700
1979 990 1  12.010700
1980 990 2  12.010700
1981 991 1  12.010700
1982 991 2  12.010700
1983 992 1  12.010700
1984 992 2  12.010700
1985 993 1  12.010700
1986 993 2  12.010700
1987 994 1  12.010700
1988 994 2  12.010700
1989 995 1  12.010700
1990 995 2  12.010700
1991 996 1  12.010700
1992 996 2  12.010700
1993 997 1  12.010700
1994 997 2  12.010700
1995 998 1  12.010700
1996 998 2  12.010700
1997 999 1  12.010700
1998 999 2  12.010700
1999 1000 1  12.010700
2000 1000 2  12.010700
2001 1001 1  12.010700
2002 1001 2  12.010700
2003 1002 1  12.010700
2004 1002 2  12.010700
2005 1003 1  12.010700
2006 1003 2  12.010700
2007 1004 1  12.010700
2008 1004 2  12.010700
2009 1005 1  12.010700
2010 1005 2  12.010700
2011 1006 1  12.010700
2012 1006 2  12.010700
2013 1007 1  12.010700
2014 1007 2  12.010700
2015 1008 1  12.010700
2016 1008 2  12.010700
2017 1009 1  12.010700
2018 1009 2  12.010700
2019 1010 1  12.010700
2020 1010 2  12.010700
2021 1011 1  12.010700
2022 1011 2  12.010700
2023 1012 1  12.010700
2024 1012 2  12.010700
2025 1013 1  12.010700
2026 1013 2  12.010700
2027 1014 1  12.010700
2028 1014 2  12.010700
2029 1015 1  12.010700
2030 1015 2  12.010700
2031 1016 1  12.010700
2032 1016 2  12.010700
2033 1017 1  12.010700
2034 1017 2  12.010700
2035 1018 1  12.010700
2036 1018 2  12.010700
2037 1019 1  12.010700
2038 1019 2  12.010700
2039 1020 1  12.010700
2040 1020 2  12.010700
2041 1021 1  12.010700
2042 1021 2  12.010700
2043 1022 1  12.010700
2044 1022 2  12.010700
2045 1023 1  12.010700
2046 1023 2  12.010700
2047 1024 1  12.010700
2048 1024 2  12.010700
2049 1025 1  12.010700
2050 1025 2  12.010700
2051 1026 1  12.010700
2052 1026 2  12.010700
2053 1027 1  12.010700
2054 1027 2  12.010700
2055 1028 1  12.010700
2056 1028 2  12.010700
2057 1029 1  12.010700
2058 1029 2  12.010700
2059 1030 1  12.010700
2060 1030 2  12.010700
2061 1031 1  12.010700
2062 1031 2  12.010700
2063 1032 1  12.010700
2064 1032 2  12.010700
2065 1033 1  12.010700
2066 1033 2  12.010700
2067 1034 1  12.010700
2068 1034 2  12.010700
2069 1035 1  12.010700
2070 1035 2  12.010700
2071 1036 1  12.010700
2072 1036 2  12.010700
2073 1037 1  12.010700
2074 1037 2  12.010700
2075 1038 1  12.010700
2076 1038 2  12.010700
2077 1039 1  12.010700
2078 1039 2  12.010700
2079 1040 1  12.010700
2080 1040 2  12.010700
2081 1041 1  12.010700
2082 1041 2  12.010700
2083 1042 1  12.010700
2084 1042 2  12.010700
2085 1043 1  12.010700
2086 1043 2  12.010700
2087 1044 1  12.010700
2088 1044 2  12.010700
2089 1045 1  12.010700
2090 1045 2  12.010700
2091 1046 1  12.010700
2092 1046 2  12.010700
2093 1047 1  12.010700
2094 1047 2  12.010700
2095 1048 1  12.010700
2096 1048 2  12.010700
2097 1049 1  12.010700
2098 1049 2  12.010700
2099 1050 1  12.010700
2100 1050 2  12.010700
2101 1051 1  12.010700
2102 1051 2  12.010700
2103 1052 1  12.010700
2104 1052 2  12.010700
2105 1053 1  12.010700
2106 1053 2  12.010700
2107 1054 1  12.010700
2108 1054 2  12.010700
2109 1055 1  12.010700
2110 1055 2  12.010700
2111 1056 1  12.010700
2112 1056 2  12.010700
2113 1057 1  12.010700
2114 1057 2  12.010700
2115 1058 1  12.010700
2116 1058 2  12.010700
2117 1059 1  12.010700
2118 1059 2  12.010700
2119 1060 1  12.010700
2120 1060 2  12.010700
2121 1061 1  12.010700
2122 1061 2  12.010700
2123 1062 1  12.010700
2124 1062 2  12.010700
2125 1063 1  12.010700
2126 1063 2  12.010700
2127 1064 1  12.010700
2128 1064 2  12.010700
2129 1065 1  12.010700
2130 1065 2  12.010700
2131 1066 1  12.010700
2132 1066 2  12.010700
2133 1067 1  12.010700
2134 1067 2  12.010700
2135 1068 1  12.010700
2136 1068 2  12.010700
2137 1069 1  12.010700
2138 1069 2  12.010700
2139 1070 1  12.010700
2140 1070 2  12.010700
2141 1071 1  12.010700
2142 1071 2  12.010700
2143 1072 1  12.010700
2144 1072 2  12.010700
2145 1073 1  12.010700
2146 1073 2  12.010700
2147 1074 1  12.010700
2148 1074 2  12.010700
2149 1075 1  12.010700
2150 1075 2  12.010700
2151 1076 1  12.010700
2152 1076 2  12.010700
2153 1077 1  12.010700
2154 1077 2  12.010700
2155 1078 1  12.010700
2156 1078 2  12.010700
2157 1079 1  12.010700
2158 1079 2  12.010700
2159 1080 1  12.010700
2160 1080 2  12.010700
2161 1081 1  12.010700
2162 1081 2  12.010700
2163 1082 1  12.010700
2164 1082 2  12.010700
2165 1083 1  12.010700
2166 1083 2  12.010700
2167 1084 1  12.010700
2168 1084 2  12.010700
2169 1085 1  12.010700
2170 1085 2  12.010700
2171 1086 1  12.010700
2172 1086 2  12.010700
2173 1087 1  12.010700
2174 1087 2  12.010700
2175 1088 1  12.010700
2176 1088 2  12.010700
2177 1089 1  12.010700
2178 1089 2  12.010700
2179 1090 1  12.010700
2180 1090 2  12.010700
2181 1091 1  12.010700
2182 1091 2  12.010700
2183 1092 1  12.010700
2184 1092 2  12.010700
2185 1093 1  12.010700
2186 1093 2  12.010700
2187 1094 1  12.010700
2188 1094 2  12.010700
2189 1095 1  12.010700
2190 1095 2  12.010700
2191 1096 1  12.010700
2192 1096 2  12.010700
2193 1097 1  12.010700
2194 1097 2  12.010700
2195 1098 1  12.010700
2196 1098 2  12.010700
2197 1099 1  12.010700
2198 1099 2  12.010700
2199 1100 1  12.010700
2200 1100 2  12.010700
2201 1101 1  12.010700
2202 1101 2  12.010700
2203 1102 1  12.010700
2204 1102 2  12.010700
2205 1103 1  12.010700
2206 1103 2  12.010700
2207 1104 1  12.010700
2208 1104 2  12.010700
2209 1105 1  12.010700
2210 1105 2  12.010700
2211 1106 1  12.010700
2212 1106 2  12.010700
2213 1107 1  12.010700
2214 1107 2  12.010700
2215 1108 1  12.010700
2216 1108 2  12.010700
2217 1109 1  12.010700
2218 1109 2  12.010700
2219 1110 1  12.010700
2220 1110 2  12.010700
2221 1111 1  12.010700
2222 1111 2  12.010700
2223 1112 1  12.010700
2224 1112 2  12.010700
2225 1113 1  12.010700
2226 1113 2  12.010700
2227 1114 1  12.010700
2228 1114 2  12.010700
2229 1115 1  12.010700
2230 1115 2  12.010700
2231 1116 1  12.010700
2232 1116 2  12.010700
2233 1117 1  12.010700
2234 1117 2  12.010700
2235 1118 1  12.010700
2236 1118 2  12.010700
2237 1119 1  12.010700
2238 1119 2  12.010700
2239 1120 1  12.010700
2240 1120 2  12.010700
2241 1121 1  12.010700
2242 1121 2  12.010700
2243 1122 1  12.010700
2244 1122 2  12.010700
2245 1123 1  12.010700
2246 1123 2  12.010700
2247 1124 1  12.010700
2248 1124 2  12.010700
2249 1125 1  12.010700
2250 1125 2  12.010700
2251 1126 1  12.010700
2252 1126 2  12.010700
2253 1127 1  12.010700
2254 1127 2  12.010700
2255 1128 1  12.010700
2256 1128 2  12.010700
2257 1129 1  12.010700
2258 1129 2  12.010700
2259 1130 1  12.010700
2260 1130 2  12.010700
2261 1131 1  12.010700
2262 1131 2  12.010700
2263 1132 1  12.010700
2264 1132 2  12.010700
2265 1133 1  12.010700
2266 1133 2  12.010700
2267 1134 1  12.010700
2268 1134 2  12.010700
2269 1135 1  12.010700
2270 1135 2  12.010700
2271 1136 1  12.010700
2272 1136 2  12.010700
2273 1137 1  12.010700
2274 1137 2  12.010700
2275 1138 1  12.010700
2276 1138 2  12.010700
2277 1139 1  12.010700
2278 1139 2  12.010700
2279 1140 1  12.010700
2280 1140 2  12.010700
2281 1141 1  12.010700
2282 1141 2  12.010700
2283 1142 1  12.010700
2284 1142 2  12.010700
2285 1143 1  12.010700
2286 1143 2  12.010700
2287 1144 1  12.010700
2288 1144 2  12.010700
2289 1145 1  12.010700
2290 1145 2  12.010700
2291 1146 1  12.010700
2292 1146 2  12.010700
2293 1147 1  12.010700
2294 1147 2  12.010700
2295 1148 1  12.010700
2296 1148 2  12.010700
2297 1149 1  12.010700
2298 1149 2  12.010700
2299 1150 1  12.010700
2300 1150 2  12.010700
2301 1151 1  12.010700
2302 1151 2  12.010700
2303 1152 1  12.010700
2304 1152 2  12.010700
2305 1153 1  12.010700
2306 1153 2  12.010700
2307 1154 1  12.010700
2308 1154 2  12.010700
2309 1155 1  12.010700
2310 1155 2  12.010700
2311 1156 1  12.010700
2312 1156 2  12.010700
2313 1157 1  12.010700
2314 1157 2  12.010700
2315 1158 1  12.010700
2316 1158 2  12.010700
2317 1159 1  12.010700
2318 1159 2  12.010700
2319 1160 1  12.010700
2320 1160 2  12.010700
2321 1161 1  12.010700
2322 1161 2  12.010700
2323 1162 1  12.010700
2324 1162 2  12.010700
2325 1163 1  12.010700
2326 1163 2  12.010700
2327 1164 1  12.010700
2328 1164 2  12.010700
2329 1165 1  12.010700
2330 1165 2  12.010700
2331 1166 1  12.010700
2332 1166 2  12.010700
2333 1167 1  12.010700
2334 1167 2  12.010700
2335 1168 1  12.010700
2336 1168 2  12.010700
2337 1169 1  12.010700
2338 1169 2  12.010700
2339 1170 1  12.010700
2340 1170 2  12.010700
2341 1171 1  12.010700
2342 1171 2  12.010700
2343 1172 1  12.010700
2344 1172 2  12.010700
2345 1173 1  12.010700
2346 1173 2  12.010700
2347 1174 1  12.010700
2348 1174 2  12.010700
2349 1175 1  12.010700
2350 1175 2  12.010700
2351 1176 1  12.010700
2352 1176 2  12.010700
2353 1177 1  12.010700
2354 1177 2  12.010700
2355 1178 1  12.010700
2356 1178 2  12.010700
2357 1179 1  12.010700
2358 1179 2  12.010700
2359 1180 1  12.010700
2360 1180 2  12.010700
2361 1181 1  12.010700
2362 1181 2  12.010700
2363 1182 1  12.010700
2364 1182 2  12.010700
2365 1183 1  12.010700
2366 1183 2  12.010700
2367 1184 1  12.010700
2368 1184 2  12.010700
2369 1185 1  12.010700
2370 1185 2  12.010700
2371 1186 1  12.010700
2372 1186 2  12.010700
2373 1187 1  12.010700
2374 1187 2  12.010700
2375 1188 1  12.010700
2376 1188 2  12.010700
2377 1189 1  12.010700
2378 1189 2  12.010700
2379 1190 1  12.010700
2380 1190 2  12.010700
2381 1191 1  12.010700
2382 1191 2  12.010700
2383 1192 1  12.010700
2384 1192 2  12.010700
2385 1193 1  12.010700
2386 1193 2  12.010700
2387 1194 1  12.010700
2388 1194 2  12.010700
2389 1195 1  12.010700
2390 1195 2  12.010700
2391 1196 1  12.010700
2392 1196 2  12.010700
2393 1197 1  12.010700
2394 1197 2  12.010700
2395 1198 1  12.010700
2396 1198 2  12.010700
2397 1199 1  12.010700
2398 1199 2  12.010700
2399 1200 1  12.010700
2400 1200 2  12.010700
2401 1201 1  12.010700
2402 1201 2  12.010700
2403 1202 1  12.010700
2404 1202 2  12.010700
2405 1203 1  12.010700
2406 1203 2  12.010700
2407 1204 1  12.010700
2408 1204 2  12.010700
2409 1205 1  12.010700
2410 1205 2  12.010700
2411 1206 1  12.010700
2412 1206 2  12.010700
2413 1207 1  12.010700
2414 1207 2  12.010700
2415 1208 1  12.010700
2416 1208 2  12.010700
2417 1209 1  12.010700
2418 1209 2  12.010700
2419 1210 1  12.010700
2420 1210 2  12.010700
2421 1211 1  12.010700
2422 1211 2  12.010700
2423 1212 1  12.010700
2424 1212 2  12.010700
2425 1213 1  12.010700
2426 1213 2  12.010700
2427 1214 1  12.010700
2428 1214 2  12.010700
2429 1215 1  12.010700
2430 1215 2  12.010700
2431 1216 1  12.010700
2432 1216 2  12.010700
2433 1217 1  12.010700
2434 1217 2  12.010700
2435 1218 1  12.010700
2436 1218 2  12.010700
2437 1219 1  12.010700
2438 1219 2  12.010700
2439 1220 1  12.010700
2440 1220 2  12.010700
2441 1221 1  12.010700
2442 1221 2  12.010700
2443 1222 1  12.010700
2444 1222 2  12.010700
2445 1223 1  12.010700
2446 1223 2  12.010700
2447 1224 1  12.010700
2448 1224 2  12.010700
2449 1225 1  12.010700
2450 1225 2  12.010700
2451 1226 1  12.010700
2452 1226 2  12.010700
2453 1227 1  12.010700
2454 1227 2  12.010700
2455 1228 1  12.010700
2456 1228 2  12.010700
2457 1229 1  12.010700
2458 1229 2  12.010700
2459 1230 1  12.010700
2460 1230 2  12.010700
2461 1231 1  12.010700
2462 1231 2  12.010700
2463 1232 1  12.010700
2464 1232 2  12.010700
2465 1233 1  12.010700
2466 1233 2  12.010700
2467 1234 1  12.010700
2468 1234 2  12.010700
2469 1235 1  12.010700
2470 1235 2  12.010700
2471 1236 1  12.010700
2472 1236 2  12.010700
2473 1237 1  12.010700
2474 1237 2  12.010700
2475 1238 1  12.010700
2476 1238 2  12.010700
2477 1239 1  12.010700
2478 1239 2  12.010700
2479 1240 1  12.010700
2480 1240 2  12.010700
2481 1241 1  12.010700
2482 1241 2  12.010700
2483 1242 1  12.010700
2484 1242 2  12.010700
2485 1243 1  12.010700
2486 1243 2  12.010700
2487 1244 1  12.010700
2488 1244 2  12.010700
2489 1245 1  12.010700
2490 1245 2  12.010700
2491 1246 1  12.010700
2492 1246 2  12.010700
2493 1247 1  12.010700
2494 1247 2  12.010700
2495 1248 1  12.010700
2496 1248 2  12.010700
2497 1249 1  12.010700
2498 1249 2  12.010700
2499 1250 1  12.010700
2500 1250 2  12.010700
2501 1251 1  12.010700
2502 1251 2  12.010700
2503 1252 1  12.010700
2504 1252 2  12.010700
2505 1253 1  12.010700
2506 1253 2  12.010700
2507 1254 1  12.010700
2508 1254 2  12.010700
2509 1255 1  12.010700
2510 1255 2  12.010700
2511 1256 1  12.010700
2512 1256 2  12.010700
2513 1257 1  12.010700
2514 1257 2  12.010700
2515 1258 1  12.010700
2516 1258 2  12.010700
2517 1259 1  12.010700
2518 1259 2  12.010700
2519 1260 1  12.010700
2520 1260 2  12.010700
2521 1261 1  12.010700
2522 1261 2  12.010700
2523 1262 1  12.010700
2524 1262 2  12.010700
2525 1263 1  12.010700
2526 1263 2  12.010700
2527 1264 1  12.010700
2528 1264 2  12.010700
2529 1265 1  12.010700
2530 1265 2  12.010700
2531 1266 1  12.010700
2532 1266 2  12.010700
2533 1267 1  12.010700
2534 1267 2  12.010700
2535 1268 1  12.010700
2536 1268 2  12.010700
2537 1269 1  12.010700
2538 1269 2  12.010700
2539 1270 1  12.010700
2540 1270 2  12.010700
2541 1271 1  12.010700
2542 1271 2  12.010700
2543 1272 1  12.010700
2544 1272 2  12.010700
2545 1273 1  12.010700
2546 1273 2  12.010700
2547 1274 1  12.010700
2548 1274 2  12.010700
2549 1275 1  12.010700
2550 1275 2  12.010700
2551 1276 1  12.010700
2552 1276 2  12.010700
2553 1277 1  12.010700
2554 1277 2  12.010700
2555 1278 1  12.010700
2556 1278 2  12.010700
2557 1279 1  12.010700
2558 1279 2  12.010700
2559 1280 1  12.010700
2560 1280 2  12.010700
2561 1281 1  12.010700
2562 1281 2  12.010700
2563 1282 1  12.010700
2564 1282 2  12.010700
2565 1283 1  12.010700
2566 1283 2  12.010700
2567 1284 1  12.010700
2568 1284 2  12.010700
2569 1285 1  12.010700
2570 1285 2  12.010700
2571 1286 1  12.010700
2572 1286 2  12.010700
2573 1287 1  12.010700
2574 1287 2  12.010700
2575 1288 1  12.010700
2576 1288 2  12.010700
2577 1289 1  12.010700
2578 1289 2  12.010700
2579 1290 1  12.010700
2580 1290 2  12.010700
2581 1291 1  12.010700
2582 1291 2  12.010700
2583 1292 1  12.010700
2584 1292 2  12.010700
2585 1293 1  12.010700
2586 1293 2  12.010700
2587 1294 1  12.010700
2588 1294 2  12.010700
2589 1295 1  12.010700
2590 1295 2  12.010700
2591 1296 1  12.010700
2592 1296 2  12.010700
2593 1297 1  12.010700
2594 1297 2  12.010700
2595 1298 1  12.010700
2596 1298 2  12.010700
2597 1299 1  12.010700
2598 1299 2  12.010700
2599 1300 1  12.010700
2600 1300 2  12.010700
2601 1301 1  12.010700
2602 1301 2  12.010700
2603 1302 1  12.010700
2604 1302 2  12.010700
2605 1303 1  12.010700
2606 1303 2  12.010700
2607 1304 1  12.010700
2608 1304 2  12.010700
2609 1305 1  12.010700
2610 1305 2  12.010700
2611 1306 1  12.010700
2612 1306 2  12.010700
2613 1307 1  12.010700
2614 1307 2  12.010700
2615 1308 1  12.010700
2616 1308 2  12.010700
2617 1309 1  12.010700
2618 1309 2  12.010700
2619 1310 1  12.010700
2620 1310 2  12.010700
2621 1311 1  12.010700
2622 1311 2  12.010700
2623 1312 1  12.010700
2624 1312 2  12.010700
2625 1313 1  12.010700
2626 1313 2  12.010700
2627 1314 1  12.010700
2628 1314 2  12.010700
2629 1315 1  12.010700
2630 1315 2  12.010700
2631 1316 1  12.010700
2632 1316 2  12.010700
2633 1317 1  12.010700
2634 1317 2  12.010700
2635 1318 1  12.010700
2636 1318 2  12.010700
2637 1319 1  12.010700
2638 1319 2  12.010700
2639 1320 1  12.010700
2640 1320 2  12.010700
2641 1321 1  12.010700
2642 1321 2  12.010700
2643 1322 1  12.010700
2644 1322 2  12.010700
2645 1323 1  12.010700
2646 1323 2  12.010700
2647 1324 1  12.010700
2648 1324 2  12.010700
2649 1325 1  12.010700
2650 1325 2  12.010700
2651 1326 1  12.010700
2652 1326 2  12.010700
2653 1327 1  12.010700
2654 1327 2  12.010700
2655 1328 1  12.010700
2656 1328 2  12.010700
2657 1329 1  12.010700
2658 1329 2  12.010700
2659 1330 1  12.010700
2660 1330 2  12.010700
2661 1331 1  12.010700
2662 1331 2  12.010700
2663 1332 1  12.010700
2664 1332 2  12.010700
2665 1333 1  12.010700
2666 1333 2  12.010700
2667 1334 1  12.010700
2668 1334 2  12.010700
2669 1335 1  12.010700
2670 1335 2  12.010700
2671 1336 1  12.010700
2672 1336 2  12.010700
2673 1337 1  12.010700
2674 1337 2  12.010700
2675 1338 1  12.010700
2676 1338 2  12.010700
2677 1339 1  12.010700
2678 1339 2  12.010700
2679 1340 1  12.010700
2680 1340 2  12.010700
2681 1341 1  12.010700
2682 1341 2  12.010700
2683 1342 1  12.010700
2684 1342 2  12.010700
2685 1343 1  12.010700
2686 1343 2  12.010700
2687 1344 1  12.010700
2688 1344 2  12.010700
2689 1345 1  12.010700
2690 1345 2  12.010700
2691 1346 1  12.010700
2692 1346 2  12.010700
2693 1347 1  12.010700
2694 1347 2  12.010700
2695 1348 1  12.010700
2696 1348 2  12.010700
2697 1349 1  12.010700
2698 1349 2  12.010700
2699 1350 1  12.010700
2700 1350 2  12.010700
2701 1351 1  12.010700
2702 1351 2  12.010700
2703 1352 1  12.010700
2704 1352 2  12.010700
2705 1353 1  12.010700
2706 1353 2  12.010700
2707 1354 1  12.010700
2708 1354 2  12.010700
2709 1355 1  12.010700
2710 1355 2  12.010700
2711 1356 1  12.010700
2712 1356 2  12.010700
2713 1357 1  12.010700
2714 1357 2  12.010700
2715 1358 1  12.010700
2716 1358 2  12.010700
2717 1359 1  12.010700
2718 1359 2  12.010700
2719 1360 1  12.010700
2720 1360 2  12.010700
2721 1361 1  12.010700
2722 1361 2  12.010700
2723 1362 1  12.010700
2724 1362 2  12.010700
2725 1363 1  12.010700
2726 1363 2  12.010700
2727 1364 1  12.010700
2728 1364 2  12.010700
2729 1365 1  12.010700
2730 1365 2  12.010700
2731 1366 1  12.010700
2732 1366 2  12.010700
2733 1367 1  12.010700
2734 1367 2  12.010700
2735 1368 1  12.010700
2736 1368 2  12.010700
2737 1369 1  12.010700
2738 1369 2  12.010700
2739 1370 1  12.010700
2740 1370 2  12.010700
2741 1371 1  12.010700
2742 1371 2  12.010700
2743 1372 1  12.010700
2744 1372 2  12.010700
2745 1373 1  12.010700
2746 1373 2  12.010700
2747 1374 1  12.010700
2748 1374 2  12.010700
2749 1375 1  12.010700
2750 1375 2  12.010700
2751 1376 1  12.010700
2752 1376 2  12.010700
2753 1377 1  12.010700
2754 1377 2  12.010700
2755 1378 1  12.010700
2756 1378 2  12.010700
2757 1379 1  12.010700
2758 1379 2  12.010700
2759 1380 1  12.010700
2760 1380 2  12.010700
2761 1381 1  12.010700
2762 1381 2  12.010700
2763 1382 1  12.010700
2764 1382 2  12.010700
2765 1383 1  12.010700
2766 1383 2  12.010700
2767 1384 1  12.010700
2768 1384 2  12.010700
2769 1385 1  12.010700
2770 1385 2  12.010700
2771 1386 1  12.010700
2772 1386 2  12.010700
2773 1387 1  12.010700
2774 1387 2  12.010700
2775 1388 1  12.010700
2776 1388 2  12.010700
2777 1389 1  12.010700
2778 1389 2  12.010700
2779 1390 1  12.010700
2780 1390 2  12.010700
2781 1391 1  12.010700
2782 1391 2  12.010700
2783 1392 1  12.010700
2784 1392 2  12.010700
2785 1393 1  12.010700
2786 1393 2  12.010700
2787 1394 1  12.010700
2788 1394 2  12.010700
2789 1395 1  12.010700
2790 1395 2  12.010700
2791 1396 1  12.010700
2792 1396 2  12.010700
2793 1397 1  12.010700
2794 1397 2  12.010700
2795 1398 1  12.010700
2796 1398 2  12.010700
2797 1399 1  12.010700
2798 1399 2  12.010700
2799 1400 1  12.010700
2800 1400 2  12.010700
2801 1401 1  12.010700
2802 1401 2  12.010700
2803 1402 1  12.010700
2804 1402 2  12.010700
2805 1403 1  12.010700
2806 1403 2  12.010700
2807 1404 1  12.010700
2808 1404 2  12.010700
2809 1405 1  12.010700
2810 1405 2  12.010700
2811 1406 1  12.010700
2812 1406 2  12.010700
2813 1407 1  12.010700
2814 1407 2  12.010700
2815 1408 1  12.010700
2816 1408 2  12.010700
2817 1409 1  12.010700
2818 1409 2  12.010700
2819 1410 1  12.010700
2820 1410 2  12.010700
2821 1411 1  12.010700
2822 1411 2  12.010700
2823 1412 1  12.010700
2824 1412 2  12.010700
2825 1413 1  12.010700
2826 1413 2  12.010700
2827 1414 1  12.010700
2828 1414 2  12.010700
2829 1415 1  12.010700
2830 1415 2  12.010700
2831 1416 1  12.010700
2832 1416 2  12.010700
2833 1417 1  12.010700
2834 1417 2  12.010700
2835 1418 1  12.010700
2836 1418 2  12.010700
2837 1419 1  12.010700
2838 1419 2  12.010700
2839 1420 1  12.010700
2840 1420 2  12.010700
2841 1421 1  12.010700
2842 1421 2  12.010700
2843 1422 1  12.010700
2844 1422 2  12.010700
2845 1423 1  12.010700
2846 1423 2  12.010700
2847 1424 1  12.010700
2848 1424 2  12.010700
2849 1425 1  12.010700
2850 1425 2  12.010700
2851 1426 1  12.010700
2852 1426 2  12.010700
2853 1427 1  12.010700
2854 1427 2  12.010700
2855 1428 1  12.010700
2856 1428 2  12.010700
2857 1429 1  12.010700
2858 1429 2  12.010700
2859 1430 1  12.010700
2860 1430 2  12.010700
2861 1431 1  12.010700
2862 1431 2  12.010700
2863 1432 1  12.010700
2864 1432 2  12.010700
2865 1433 1  12.010700
2866 1433 2  12.010700
2867 1434 1  12.010700
2868 1434 2  12.010700
2869 1435 1  12.010700
2870 1435 2  12.010700
2871 1436 1  12.010700
2872 1436 2  12.010700
2873 1437 1  12.010700
2874 1437 2  12.010700
2875 1438 1  12.010700
2876 1438 2  12.010700
2877 1439 1  12.010700
2878 1439 2  12.010700
2879 1440 1  12.010700
2880 1440 2  12.010700
2881 1441 1  12.010700
2882 1441 2  12.010700
2883 1442 1  12.010700
2884 1442 2  12.010700
2885 1443 1  12.010700
2886 1443 2  12.010700
2887 1444 1  12.010700
2888 1444 2  12.010700
2889 1445 1  12.010700
2890 1445 2  12.010700
2891 1446 1  12.010700
2892 1446 2  12.010700
2893 1447 1  12.010700
2894 1447 2  12.010700
2895 1448 1  12.010700
2896 1448 2  12.010700
2897 1449 1  12.010700
2898 1449 2  12.010700
2899 1450 1  12.010700
2900 1450 2  12.010700
2901 1451 1  12.010700
2902 1451 2  12.010700
2903 1452 1  12.010700
2904 1452 2  12.010700
2905 1453 1  12.010700
2906 1453 2  12.010700
2907 1454 1  12.010700
2908 1454 2  12.010700
2909 1455 1  12.010700
2910 1455 2  12.010700
2911 1456 1  12.010700
2912 1456 2  12.010700
2913 1457 1  12.010700
2914 1457 2  12.010700
2915 1458 1  12.010700
2916 1458 2  12.010700
2917 1459 1  12.010700
2918 1459 2  12.010700
2919 1460 1  12.010700
2920 1460 2  12.010700
2921 1461 1  12.010700
2922 1461 2  12.010700
2923 1462 1  12.010700
2924 1462 2  12.010700
2925 1463 1  12.010700
2926 1463 2  12.010700
2927 1464 1  12.010700
2928 1464 2  12.010700
2929 1465 1  12.010700
2930 1465 2  12.010700
2931 1466 1  12.010700
2932 1466 2  12.010700
2933 1467 1  12.010700
2934 1467 2  12.010700
2935 1468 1  12.010700
2936 1468 2  12.010700
2937 1469 1  12.010700
2938 1469 2  12.010700
2939 1470 1  12.010700
2940 1470 2  12.010700
2941 1471 1  12.010700
2942 1471 2  12.010700
2943 1472 1  12.010700
2944 1472 2  12.010700
2945 1473 1  12.010700
2946 1473 2  12.010700
2947 1474 1  12.010700
2948 1474 2  12.010700
2949 1475 1  12.010700
2950 1475 2  12.010700
2951 1476 1  12.010700
2952 1476 2  12.010700
2953 1477 1  12.010700
2954 1477 2  12.010700
2955 1478 1  12.010700
2956 1478 2  12.010700
2957 1479 1  12.010700
2958 1479 2  12.010700
2959 1480 1  12.010700
2960 1480 2  12.010700
2961 1481 1  12.010700
2962 1481 2  12.010700
2963 1482 1  12.010700
2964 1482 2  12.010700
2965 1483 1  12.010700
2966 1483 2  12.010700
2967 1484 1  12.010700
2968 1484 2  12.010700
2969 1485 1  12.010700
2970 1485 2  12.010700
2971 1486 1  12.010700
2972 1486 2  12.010700
2973 1487 1  12.010700
2974 1487 2  12.010700
2975 1488 1  12.010700
2976 1488 2  12.010700
2977 1489 1  12.010700
2978 1489 2  12.010700
2979 1490 1  12.010700
2980 1490 2  12.010700
2981 1491 1  12.010700
2982 1491 2  12.010700
2983 1492 1  12.010700
2984 1492 2  12.010700
2985 1493 1  12.010700
2986 1493 2  12.010700
2987 1494 1  12.010700
2988 1494 2  12.010700
2989 1495 1  12.010700
2990 1495 2  12.010700
2991 1496 1  12.010700
2992 1496 2  12.010700
2993 1497 1  12.010700
2994 1497 2  12.010700
2995 1498 1  12.010700
2996 1498 2  12.010700
2997 1499 1  12.010700
2998 1499 2  12.010700
2999 1500 1  12.010700
3000 1500 2  12.010700
3001 1501 1  12.010700
3002 1501 2  12.010700
3003 1502 1  12.010700
3004 1502 2  12.010700
3005 1503 1  12.010700
3006 1503 2  12.010700
3007 1504 1  12.010700
3008 1504 2  12.010700
3009 1505 1  12.010700
3010 1505 2  12.010700
3011 1506 1  12.010700
3012 1506 2  12.010700
3013 1507 1  12.010700
3014 1507 2  12.010700
3015 1508 1  12.010700
3016 1508 2  12.010700
3017 1509 1  12.010700
3018 1509 2  12.010700
3019 1510 1  12.010700
3020 1510 2  12.010700
3021 1511 1  12.010700
3022 1511 2  12.010700
3023 1512 1  12.010700
3024 1512 2  12.010700
3025 1513 1  12.010700
3026 1513 2  12.010700
3027 1514 1  12.010700
3028 1514 2  12.010700
3029 1515 1  12.010700
3030 1515 2  12.010700
3031 1516 1  12.010700
3032 1516 2  12.010700
3033 1517 1  12.010700
3034 1517 2  12.010700
3035 1518 1  12.010700
3036 1518 2  12.010700
3037 1519 1  12.010700
3038 1519 2  12.010700
3039 1520 1  12.010700
3040 1520 2  12.010700
3041 1521 1  12.010700
3042 1521 2  12.010700
3043 1522 1  12.010700
3044 1522 2  12.010700
3045 1523 1  12.010700
3046 1523 2  12.010700
3047 1524 1  12.010700
3048 1524 2  12.010700
3049 1525 1  12.010700
3050 1525 2  12.010700
3051 1526 1  12.010700
3052 1526 2  12.010700
3053 1527 1  12.010700
3054 1527 2  12.010700
3055 1528 1  12.010700
3056 1528 2  12.010700
3057 1529 1  12.010700
3058 1529 2  12.010700
3059 1530 1  12.010700
3060 1530 2  12.010700
3061 1531 1  12.010700
3062 1531 2  12.010700
3063 1532 1  12.010700
3064 1532 2  12.010700
3065 1533 1  12.010700
3066 1533 2  12.010700
3067 1534 1  12.010700
3068 1534 2  12.010700
3069 1535 1  12.010700
3070 1535 2  12.010700
3071 1536 1  12.010700
3072 1536 2  12.010700
3073 1537 1  12.010700
3074 1537 2  12.010700
3075 1538 1  12.010700
3076 1538 2  12.010700
3077 1539 1  12.010700
3078 1539 2  12.010700
3079 1540 1  12.010700
3080 1540 2  12.010700
3081 1541 1  12.010700
3082 1541 2  12.010700
3083 1542 1  12.010700
3084 1542 2  12.010700
3085 1543 1  12.010700
3086 1543 2  12.010700
3087 1544 1  12.010700
3088 1544 2  12.010700
3089 1545 1  12.010700
3090 1545 2  12.010700
3091 1546 1  12.010700
3092 1546 2  12.010700
3093 1547 1  12.010700
3094 1547 2  12.010700
3095 1548 1  12.010700
3096 1548 2  12.010700
3097 1549 1  12.010700
3098 1549 2  12.010700
3099 1550 1  12.010700
3100 1550 2  12.010700
3101 1551 1  12.010700
3102 1551 2  12.010700
3103 1552 1  12.010700
3104 1552 2  12.010700
3105 1553 1  12.010700
3106 1553 2  12.010700
3107 1554 1  12.010700
3108 1554 2  12.010700
3109 1555 1  12.010700
3110 1555 2  12.010700
3111 1556 1  12.010700
3112 1556 2  12.010700
3113 1557 1  12.010700
3114 1557 2  12.010700
3115 1558 1  12.010700
3116 1558 2  12.010700
3117 1559 1  12.010700
3118 1559 2  12.010700
3119 1560 1  12.010700
3120 1560 2  12.010700
3121 1561 1  12.010700
3122 1561 2  12.010700
3123 1562 1  12.010700
3124 1562 2  12.010700
3125 1563 1  12.010700
3126 1563 2  12.010700
3127 1564 1  12.010700
3128 1564 2  12.010700
3129 1565 1  12.010700
3130 1565 2  12.010700
3131 1566 1  12.010700
3132 1566 2  12.010700
3133 1567 1  12.010700
3134 1567 2  12.010700
3135 1568 1  12.010700
3136 1568 2  12.010700
3137 1569 1  12.010700
3138 1569 2  12.010700
3139 1570 1  12.010700
3140 1570 2  12.010700
3141 1571 1  12.010700
3142 1571 2  12.010700
3143 1572 1  12.010700
3144 1572 2  12.010700
3145 1573 1  12.010700
3146 1573 2  12.010700
3147 1574 1  12.010700
3148 1574 2  12.010700
3149 1575 1  12.010700
3150 1575 2  12.010700
3151 1576 1  12.010700
3152 1576 2  12.010700
3153 1577 1  12.010700
3154 1577 2  12.010700
3155 1578 1  12.010700
3156 1578 2  12.010700
3157 1579 1  12.010700
3158 1579 2  12.010700
3159 1580 1  12.010700
3160 1580 2  12.010700
3161 1581 1  12.010700
3162 1581 2  12.010700
3163 1582 1  12.010700
3164 1582 2  12.010700
3165 1583 1  12.010700
3166 1583 2  12.010700
3167 1584 1  12.010700
3168 1584 2  12.010700
3169 1585 1  12.010700
3170 1585 2  12.010700
3171 1586 1  12.010700
3172 1586 2  12.010700
3173 1587 1  12.010700
3174 1587 2  12.010700
3175 1588 1  12.010700
3176 1588 2  12.010700
3177 1589 1  12.010700
3178 1589 2  12.010700
3179 1590 1  12.010700
3180 1590 2  12.010700
3181 1591 1  12.010700
3182 1591 2  12.010700
3183 1592 1  12.010700
3184 1592 2  12.010700
3185 1593 1  12.010700
3186 1593 2  12.010700
3187 1594 1  12.010700
3188 1594 2  12.010700
3189 1595 1  12.010700
3190 1595 2  12.010700
3191 1596 1  12.010700
3192 1596 2  12.010700
3193 1597 1  12.010700
3194 1597 2  12.010700
3195 1598 1  12.010700
3196 1598 2  12.010700
3197 1599 1  12.010700
3198 1599 2  12.010700
3199 1600 1  12.010700
3200 1600 2  12.010700
